0.10327 546.04730 45.41515 
108.25080 799.52460 1.22018 
103.52646 798.80829 7.42517 
109.17950 800.83105 7.20860 
96.15784 798.09088 14.83047 
95.71022 801.07001 16.48525 
96.98798 798.21442 19.22276 
96.80856 803.64148 17.52967 
99.27010 797.77679 18.37660 
105.80128 801.21942 9.90503 
104.40584 812.87115 4.58041 
94.55384 809.85706 12.74959 
97.28440 809.02039 15.50038 
95.16391 807.54907 19.79726 
100.39956 807.62677 15.62115 
111.70883 808.49432 14.33992 
113.41519 803.36310 0.95111 
113.69036 797.86279 4.81932 
115.22960 797.09161 4.37322 
114.14429 800.44196 7.85984 
117.01215 802.97473 10.99300 
125.69069 802.01831 6.01647 
126.22336 802.11871 9.69343 
124.24001 806.86737 8.53639 
126.98744 813.92847 7.54098 
114.28829 816.21606 12.96736 
124.98468 817.47797 13.45950 
129.31239 803.33386 2.40893 
98.06853 808.45386 33.12057 
104.84475 804.03925 35.01363 
105.70309 811.29449 27.59775 
96.05520 797.47595 40.50916 
95.41866 798.43372 40.68835 
94.43433 811.16400 38.63282 
106.71751 815.53894 37.50067 
108.14926 817.36945 46.62968 
116.85562 799.93024 23.38815 
117.49410 800.35114 28.56136 
115.45373 810.99713 27.79477 
