10.36373 950.21240 701.51343 
18.03315 954.08032 702.90918 
20.52877 942.89575 715.46167 
21.62269 950.28180 714.93408 
21.36315 954.78735 715.13940 
26.19812 953.14606 703.45239 
29.46597 953.10016 703.51001 
26.00533 980.74829 700.15869 
31.23437 975.43817 705.90234 
31.88955 981.83679 702.57935 
32.52016 981.14056 706.81055 
41.06816 982.32648 706.77295 
38.29330 973.99084 718.11450 
37.01365 980.54944 709.66138 
34.87603 982.58282 717.62988 
46.01196 970.80322 708.11768 
39.21748 974.38751 709.83813 
44.98997 972.95508 709.48779 
44.52904 974.72223 713.16431 
