14.02234 942.85443 704.44873 
13.94845 945.80975 703.91211 
0.55144 949.54816 702.92310 
1.29119 960.43652 706.32910 
9.17637 961.75128 701.83057 
14.50670 956.21448 702.80078 
0.83955 945.36285 708.77930 
2.98140 962.75476 711.01562 
4.44491 958.48682 711.63184 
6.02478 962.35846 713.69702 
16.13392 947.32629 711.85767 
20.35407 962.83649 710.01685 
17.50155 950.33105 716.65674 
33.92447 944.66730 700.95361 
29.59918 938.48468 713.94409 
22.90581 954.25610 701.19800 
27.31099 960.79041 700.48975 
27.71096 961.97296 701.17700 
28.04643 957.75586 704.99487 
27.03857 962.71844 710.38794 
38.11055 960.25317 712.49707 
9.90769 966.31317 702.17017 
20.83185 971.18848 701.83228 
23.72348 975.48511 706.81616 
0.56329 973.52319 712.15063 
2.04074 975.28906 713.25049 
2.19947 978.05420 714.68579 
3.61888 973.56805 718.54834 
12.68393 964.95551 711.22266 
22.59420 971.91254 715.78052 
21.07135 973.74188 710.54590 
19.73529 976.56281 709.26001 
23.21218 979.83472 713.67725 
28.68274 964.91797 702.15894 
32.43803 975.16290 704.06836 
32.93223 978.68622 706.86548 
36.86327 980.87842 705.34766 
30.69527 981.94171 702.12793 
39.23368 968.64679 701.09302 
39.22744 980.27399 704.82227 
30.84740 971.27460 707.95142 
29.61559 974.51428 708.06494 
34.94587 964.66595 707.02808 
38.67550 974.87158 709.23340 
28.79286 980.49078 714.48169 
37.42820 977.92468 718.47168 
43.96331 970.87201 715.43604 
45.57902 965.27625 717.25220 
38.80175 974.52576 718.36670 
41.27052 981.08435 712.62280 
5.51723 941.60980 700.86328 
9.97293 938.67847 707.05566 
13.99629 938.86462 702.12817 
0.79146 949.64777 702.95605 
0.64633 962.37787 703.79346 
4.36687 963.70752 704.12622 
10.85288 951.75830 700.88989 
12.61602 953.90790 700.57397 
18.50533 954.96826 705.66138 
21.13191 963.90466 706.01025 
21.72012 942.81500 718.56958 
11.08428 964.08795 710.62305 
