0.07007 548.10461 208.30380 
0.04858 562.06573 225.14519 
97.63861 791.73682 0.02319 
125.04336 794.83319 0.07642 
96.36287 798.35748 2.01985 
95.01273 801.17255 1.42851 
106.01941 800.24170 3.12715 
109.85724 800.70306 6.95754 
110.49247 798.20404 5.89965 
94.50503 802.56024 20.09645 
99.39220 797.66882 14.53321 
97.51900 801.86145 15.23938 
111.81367 797.68890 8.92767 
104.94802 801.32678 10.38001 
109.79990 810.00275 2.58918 
97.28708 817.57428 12.21787 
97.24174 812.89893 13.82314 
100.53810 816.48334 5.16440 
108.57629 818.08807 11.90715 
102.81369 812.53589 18.05355 
124.75834 803.54614 8.10011 
122.68225 797.63947 19.84765 
123.28197 809.88129 4.05868 
119.48679 813.16864 3.25180 
119.87901 812.71448 8.99970 
123.97495 805.97321 9.61379 
120.46832 807.44800 19.52776 
120.80444 812.37549 19.04406 
121.84773 817.34515 11.54445 
123.06200 817.13623 11.95844 
124.33637 817.73218 10.20550 
125.00491 817.86163 13.64924 
126.17946 813.11292 14.64104 
127.46416 798.60626 3.64282 
136.32945 813.06824 8.03477 
131.69839 814.04657 4.80469 
137.64627 804.81769 10.61786 
98.27481 797.84387 20.73328 
102.90308 799.33282 24.19512 
107.21381 797.36731 28.58631 
110.17181 798.37573 32.91286 
94.27674 804.12085 34.39004 
95.19129 806.87793 33.58483 
98.64256 803.37592 24.89436 
100.69662 808.08435 32.36181 
104.47197 808.99860 32.26127 
100.77213 810.43530 30.68115 
103.91907 809.61432 34.63637 
112.42435 804.11377 24.21878 
112.62946 807.21649 25.33752 
104.97979 814.60126 22.07594 
109.98357 815.42334 27.45203 
98.33089 813.06207 37.14613 
97.81577 812.62677 38.79953 
105.42958 815.73981 37.46921 
102.51710 815.99927 39.27566 
106.71514 817.16827 39.39789 
100.42286 814.85681 46.17130 
113.95496 808.10938 25.68583 
116.16884 808.58783 27.04782 
