13.45588 5.40437 208.08069 
12.53283 5.76994 209.64685 
9.46445 3.60695 212.13367 
10.67220 0.46905 214.10181 
1.98719 13.72334 205.25867 
3.79720 8.08468 206.97595 
4.23667 7.67191 210.31995 
0.58070 11.80388 209.17297 
0.82831 12.27014 208.76624 
0.70428 14.16231 209.50671 
12.92535 7.30707 207.16980 
14.21632 8.47662 206.16296 
8.02507 15.10713 205.53162 
3.86029 19.44347 215.27039 
14.64803 6.96073 213.13416 
1.35886 34.88345 207.59119 
16.35485 28.55924 200.40161 
18.56231 23.42373 204.87708 
14.18596 27.88779 212.57275 
13.58297 34.68921 200.21924 
3.44123 26.76357 213.75793 
3.18397 38.14460 214.68469 
2.75725 34.05364 217.32080 
3.54027 32.02063 216.66199 
5.43295 35.39076 217.95996 
10.32751 25.86335 214.29309 
9.91613 29.40584 215.84302 
11.34114 33.01855 217.47351 
15.57524 38.59884 214.87378 
17.99699 37.46672 215.50867 
7.65207 44.15707 201.96606 
8.38238 43.78921 203.05530 
8.90210 40.21584 204.44128 
5.07203 43.22680 210.60681 
2.91830 46.30037 213.84937 
3.74233 45.82599 215.78687 
9.16646 45.40783 211.47668 
21.72236 2.81702 207.58447 
21.09272 4.91306 207.59753 
34.77327 5.27331 207.97522 
27.04766 1.44736 216.40747 
37.09743 15.84293 200.64441 
33.14167 18.09268 203.81250 
23.99469 19.00679 215.66467 
23.79971 21.87415 215.17090 
30.16920 10.34785 215.94678 
35.56898 11.74563 211.88318 
