15.69862 941.35309 704.03882 
10.71971 950.24438 700.80225 
9.78671 948.29919 702.91211 
18.74271 955.25134 706.21265 
4.88533 962.16254 712.71753 
19.60468 946.93469 712.24316 
45.74688 939.79956 703.68457 
26.96593 952.33716 703.74438 
23.85352 958.58453 704.13062 
24.22617 961.28101 708.54468 
44.74736 948.22278 700.70337 
0.49360 968.44531 704.96948 
9.71170 968.37109 703.50903 
20.22621 971.34564 704.33228 
4.24295 976.30756 717.93213 
5.21401 983.77380 715.57690 
13.73865 965.93848 707.19702 
22.69583 975.38110 711.62915 
16.46741 982.53400 717.91748 
25.45587 984.06158 704.33813 
33.52785 982.60718 702.46704 
43.79840 972.54724 706.09131 
37.87626 982.97266 715.80688 
35.67467 982.71240 717.26929 
45.65615 972.05151 709.59668 
10.71252 952.29871 700.84644 
2.89126 963.30200 711.61694 
