3.29694 5.83673 204.24792 
16.64946 3.15172 205.21973 
1.30348 0.91822 215.15430 
1.36977 16.96128 208.40417 
0.95537 16.64540 210.10950 
9.65967 15.87449 205.32520 
5.82383 17.02659 207.29968 
6.92629 17.87131 207.17322 
11.17005 16.81274 205.30273 
4.47324 8.34297 213.44763 
16.57341 12.31119 216.16040 
11.63101 39.20728 200.06946 
8.67327 31.42523 217.21436 
13.49727 24.22345 216.45984 
6.33811 36.90511 217.85461 
6.67205 37.71736 216.23926 
11.44083 46.47570 203.83057 
3.97371 42.95721 216.00037 
1.96618 45.53215 217.11633 
6.79265 42.20833 217.72632 
33.63512 6.13774 208.76245 
26.26230 13.77372 200.44507 
22.89566 23.76008 210.35193 
