129.73964 778.08539 0.08447 
99.67242 797.22620 1.24931 
101.93606 797.47717 4.74269 
102.39166 800.02448 1.66167 
109.47193 800.13171 4.03314 
96.85321 801.95953 15.45744 
99.99027 798.76508 12.41940 
104.42396 805.30988 15.61224 
108.95442 813.53448 2.87590 
95.09606 812.09656 13.36604 
110.55299 816.87341 11.02833 
111.43776 807.48511 14.81573 
98.62889 817.76526 14.90303 
115.77925 797.20660 4.67062 
117.81112 799.68414 6.71710 
120.76693 800.35638 6.78156 
122.21009 800.68341 6.89513 
123.56491 809.30176 13.15017 
126.16467 807.88190 17.98249 
124.82717 807.59314 18.26251 
124.63225 807.71027 18.88648 
121.54035 810.23608 15.04373 
123.36675 812.83197 14.15384 
121.39212 814.04449 14.34212 
129.76173 799.87708 2.63951 
135.27402 807.19000 5.23343 
136.21069 808.45111 9.29468 
130.65170 815.01526 8.13911 
109.46732 797.69818 28.60175 
95.63927 804.00000 34.69622 
101.06705 809.38196 32.75166 
101.46062 809.36273 33.13797 
103.80465 809.82233 30.30763 
94.58318 800.03583 35.87569 
105.38596 810.97601 41.30195 
105.05885 815.88922 36.64748 
104.89510 816.38574 36.11339 
104.97168 816.64008 37.44912 
