6.63793 944.18109 703.82300 
11.82119 945.72375 701.49731 
0.62083 948.15814 704.08838 
5.31725 963.73877 705.89380 
14.08838 948.85059 701.48145 
19.53372 954.95618 702.35962 
9.71636 959.31049 706.57666 
19.19415 955.63013 703.24316 
3.14487 960.82916 710.02246 
2.26689 963.29364 710.05005 
3.16789 963.54303 712.49170 
18.24000 946.46198 711.12646 
20.36521 949.10663 714.40723 
9.77345 960.52209 709.78491 
20.19036 962.26953 707.33667 
20.97483 963.28076 712.07031 
35.46595 943.72687 703.03174 
36.25249 941.44208 703.84106 
35.43759 944.52777 716.59253 
41.42453 939.75073 703.87012 
45.77591 941.17334 703.53809 
26.64511 955.47510 710.41797 
30.66459 951.33698 704.60303 
32.06902 952.41827 709.76294 
32.35233 963.96979 700.04150 
25.26902 960.21716 710.32910 
29.67323 962.35785 707.76733 
26.49281 961.73560 710.35669 
36.47533 963.67175 706.29199 
25.32361 953.82666 712.70972 
34.91051 945.91321 714.53247 
23.80151 963.44830 710.91577 
44.81457 948.85193 700.52930 
41.03701 954.33588 704.37231 
1.03741 966.52838 704.84570 
14.08814 966.08533 705.36304 
2.65237 969.26947 714.98022 
0.55539 976.78644 713.86792 
15.88993 964.30933 707.42847 
8.94834 975.81995 707.22314 
15.10817 973.25165 708.38721 
22.02624 971.28778 713.62476 
23.98616 977.58972 707.84766 
26.10287 974.96130 700.73901 
31.58976 981.57489 703.04541 
37.08739 980.77423 705.98901 
28.92149 982.47620 700.81030 
25.38097 984.28680 704.19922 
44.69917 971.72998 705.51221 
41.39420 977.96765 706.30615 
42.57609 976.14410 700.09790 
26.93102 964.16357 711.73242 
30.02180 967.45435 712.69897 
29.44482 975.02032 707.29321 
33.40996 976.94861 713.36328 
37.00193 981.89117 717.56763 
40.11543 967.96997 710.30200 
46.09843 971.83319 709.87109 
43.52870 972.91364 711.66309 
44.57970 974.33081 713.45557 
43.05722 978.36981 708.17188 
8.79222 937.94391 702.17651 
13.55457 940.31384 704.73706 
9.00034 946.20251 700.20020 
14.32826 942.37933 704.38892 
16.85065 942.59631 703.39453 
7.04157 954.20288 702.06030 
8.64540 960.99182 701.83960 
2.66527 960.11267 703.42651 
11.76690 948.09180 702.44067 
9.86124 951.10065 702.92651 
16.67731 952.82898 702.22827 
10.50617 961.48792 701.39893 
11.35910 959.23145 705.18262 
19.59735 956.77240 703.72437 
6.39270 941.97217 713.95264 
7.87553 939.71576 712.54419 
7.35126 940.39886 712.51929 
7.29916 941.45831 715.45044 
19.66133 938.47504 715.43286 
20.76671 941.01636 715.08813 
1.03746 945.78943 707.15576 
4.17827 951.58148 712.86572 
1.73584 962.78522 708.57178 
2.66693 962.38873 710.02515 
3.27295 963.93048 712.67212 
8.67379 962.34137 715.68164 
9.21840 947.32593 709.90771 
16.68647 946.45258 707.99902 
18.93540 946.65167 711.60156 
20.32702 945.32593 714.11084 
18.72548 947.26208 715.09790 
20.84386 948.65253 714.26733 
21.31427 949.67401 714.77759 
21.33905 951.66962 714.58887 
20.21236 953.90002 714.60669 
11.35746 963.81866 709.85620 
9.14911 962.77380 713.48218 
