1.19920 3.28209 210.73730 
5.30624 3.70704 209.21021 
12.39864 2.87676 202.15271 
15.89055 4.23652 203.50781 
4.95831 4.25938 211.51978 
9.19338 5.60121 211.80286 
3.56977 8.26735 208.14197 
0.83669 10.98941 208.24255 
5.90579 8.47069 201.06970 
4.56301 9.38976 207.03113 
11.06732 7.05859 204.98816 
19.69483 10.20006 207.42078 
18.60281 8.29244 212.19006 
10.31520 13.64213 204.37695 
12.26535 17.53284 203.10205 
11.50417 17.32266 205.58691 
15.36245 19.72821 205.80115 
0.93495 10.49509 216.74744 
1.23595 11.89476 216.41357 
11.66690 6.97072 216.87854 
19.16446 15.20561 216.27905 
17.41640 22.71106 213.40747 
18.42105 22.81783 216.56885 
4.63775 24.86837 209.89514 
5.60946 27.50972 210.69958 
4.77488 27.39262 211.79810 
6.01563 34.37413 204.24646 
18.43175 25.38543 213.35596 
14.09616 27.69173 212.63440 
17.30293 27.92103 212.77173 
16.99250 37.75950 202.26941 
0.26242 28.90231 216.14001 
4.12647 33.93631 214.39062 
5.20540 34.46196 214.68933 
7.05803 27.83440 216.57178 
9.57318 32.20934 217.31665 
6.53715 37.08726 217.94995 
2.83955 45.90663 208.77332 
5.61470 42.19830 207.46045 
7.60853 45.66264 206.52393 
13.52336 41.27080 207.78247 
1.42461 45.93165 215.37524 
5.27961 42.70627 212.26746 
6.98489 42.45763 218.46582 
6.86306 43.23328 218.18640 
5.45886 45.76796 212.03223 
10.44905 44.59753 214.87378 
26.82117 7.88258 200.17896 
24.92353 5.62959 202.82568 
36.09047 1.02072 204.00964 
36.24675 6.51584 203.45361 
34.61101 5.74699 205.59631 
34.99360 5.57636 207.89148 
25.45152 4.01907 216.80164 
31.43554 1.20566 213.96460 
29.86652 7.84904 215.50916 
31.93457 1.19325 217.73926 
20.40639 13.93337 202.16052 
26.74170 23.20034 201.73181 
26.27205 17.04994 203.24817 
23.01284 23.79446 209.80457 
31.49736 14.77834 210.77136 
36.53913 12.86900 206.85999 
36.57327 13.34718 206.51721 
36.16467 11.52356 207.12378 
20.29813 9.14994 216.50610 
21.26542 13.48138 217.65173 
21.23944 17.05427 215.60291 
27.04395 20.09690 213.39355 
35.71063 17.96940 216.80542 
32.48756 20.36612 214.78052 
