106.26611 799.34412 5.50616 
97.78363 802.20099 14.89935 
103.57850 799.68951 17.54015 
111.83749 808.12042 2.76375 
97.26765 816.98145 12.64823 
99.32251 807.96948 15.94088 
109.56583 808.07019 14.80453 
115.10921 803.60553 1.41453 
121.24689 797.29077 10.09440 
121.30838 800.71155 6.62542 
112.42464 805.94702 2.72647 
127.32055 814.81635 8.14999 
114.51891 806.24048 12.47652 
120.44220 809.29242 18.20213 
124.66719 807.50470 17.18444 
121.80791 814.45923 17.83225 
129.11514 808.06830 3.28833 
135.47591 808.58258 0.47702 
131.88074 815.32379 7.62092 
127.75140 815.80890 13.37827 
94.28865 802.66528 20.77295 
102.19078 817.04572 23.63048 
103.07408 813.51422 33.81026 
104.14303 804.96973 36.21908 
98.53978 816.24316 45.51685 
117.18015 798.50745 24.01219 
