5.62342 942.77893 705.67017 
8.94060 938.21497 702.00757 
0.43900 949.31451 700.37524 
3.37015 948.08539 705.37085 
7.37834 949.81555 701.66235 
8.76417 952.86859 702.69653 
11.15335 961.45764 700.56152 
9.36822 963.28473 702.00439 
21.46876 958.04993 702.44312 
21.94567 960.66669 704.81592 
18.60644 939.17950 717.94727 
0.79602 945.51648 708.84961 
2.98165 962.40753 710.62402 
8.67058 962.95770 713.99438 
19.45191 948.80066 709.46362 
21.76200 949.65790 715.32104 
38.71635 938.62439 714.45630 
38.87742 943.28662 702.65527 
44.61181 938.20605 708.52881 
23.20705 955.49518 702.92114 
28.25128 946.69086 705.46973 
24.89557 956.63037 705.00586 
32.31963 948.57147 709.60596 
22.37687 959.54413 704.48218 
24.21224 962.82056 704.50562 
34.35577 959.02814 708.20215 
33.37496 950.63531 715.86304 
27.84559 959.20062 711.73291 
1.34111 969.12115 705.97876 
1.65609 983.72406 702.92090 
11.79633 967.72546 701.63037 
21.26278 981.25867 705.09937 
1.30614 970.45612 715.65186 
1.43141 974.29907 712.50000 
1.71010 967.73486 716.45508 
4.02829 976.53979 717.36621 
4.79993 981.76459 714.78979 
5.45890 981.54651 716.05493 
13.39576 965.76257 707.30249 
7.91124 967.36578 714.91968 
12.86926 964.51251 711.74878 
15.73955 966.06012 713.34937 
14.86390 975.00177 713.96045 
21.94466 971.83704 712.87207 
24.05839 974.81171 712.65942 
15.03569 981.31305 710.95850 
13.30717 983.14331 717.08105 
30.47897 971.63501 706.91846 
30.80952 975.77295 700.15869 
27.82040 979.76825 705.64429 
36.90862 980.33142 706.23486 
36.81268 984.23383 701.57446 
41.19335 969.43982 700.95728 
40.97363 977.73053 700.68335 
40.19526 975.99884 706.85791 
38.26478 978.32721 705.06250 
27.89375 966.26666 709.56250 
28.51258 976.09271 707.82446 
28.76837 975.96625 708.21143 
29.99525 970.20111 708.38062 
26.69627 979.52087 707.15332 
27.64229 982.03198 716.48682 
37.76065 977.32397 718.32031 
45.94200 971.19611 707.61328 
45.46266 972.74738 710.56738 
41.05598 971.83691 713.03125 
38.93352 973.38013 716.13770 
46.58941 972.44550 711.82324 
45.86362 981.41028 709.88159 
43.60582 976.41241 712.98657 
46.26979 980.29419 717.88696 
10.38250 938.72797 702.32056 
12.24662 943.50403 704.15210 
12.24828 942.91241 705.36621 
11.13050 946.43909 700.02759 
13.85894 944.54736 704.07886 
0.44037 957.04370 701.88696 
10.30336 952.36285 701.40186 
9.78377 951.28448 703.52100 
20.03116 963.33215 706.78589 
2.07408 944.29010 708.50391 
17.84392 940.60406 717.52124 
2.10505 959.25641 709.39746 
17.52178 944.74902 709.73486 
16.08438 947.58655 712.65991 
20.24820 949.27686 710.06714 
9.96489 964.08539 708.04321 
