4.72055 3.65600 209.86902 
8.43843 4.07586 209.53137 
10.80285 5.19739 205.96436 
10.76890 5.32934 208.71277 
3.14224 2.24096 211.36877 
3.11398 2.29162 211.81067 
6.15385 4.89487 212.49036 
7.03917 3.00216 211.89893 
10.49791 3.94922 213.30286 
11.02499 5.37659 213.18787 
13.74613 2.38827 217.66821 
14.40472 4.94050 215.33337 
1.88482 9.49172 200.03845 
1.45784 11.13703 200.75391 
0.21399 9.64469 206.49646 
2.88070 6.75795 207.17603 
0.97117 15.20588 209.42993 
5.70595 8.21559 202.93945 
5.37147 9.45865 201.87195 
14.04301 7.79387 203.51294 
15.92729 9.45874 204.44678 
15.26422 11.76730 204.03772 
8.76190 11.14012 206.17566 
6.99962 7.94138 207.81384 
13.18090 7.05997 207.92175 
12.78427 8.83844 211.38318 
13.00318 18.74759 204.70715 
18.28029 22.83300 200.85559 
5.82685 19.05827 207.76672 
12.51438 15.75912 211.82800 
14.78520 21.26697 205.27649 
4.12762 9.12197 214.59558 
2.25458 9.51751 218.63989 
0.69700 16.56934 214.66223 
2.40844 18.54390 213.77026 
4.30841 18.70809 216.62964 
3.84170 18.18742 216.87256 
7.53935 11.33859 217.92957 
18.95216 8.02343 213.87463 
7.01233 16.08371 214.00342 
0.98568 25.63270 205.29639 
2.40379 24.32248 212.65906 
5.07506 39.59039 206.81006 
5.69742 39.11989 208.16479 
19.45650 24.90131 205.37976 
15.02050 26.44207 202.79565 
20.11345 26.58058 205.55212 
17.14530 25.36077 206.54211 
19.02981 24.87000 212.33301 
11.64156 35.24356 202.40125 
2.60867 25.37337 216.40002 
1.92461 27.01034 214.51172 
1.22639 28.93820 216.22583 
2.75260 28.42875 216.94800 
3.03455 32.45330 213.93811 
3.17952 32.21754 214.60413 
3.30249 33.42775 214.51562 
4.12599 34.35509 214.39368 
4.36089 31.64462 216.95874 
3.77199 39.35014 218.42139 
7.29596 24.48157 213.88489 
12.19453 31.57832 218.61951 
14.59438 26.45086 216.82727 
8.45915 33.89984 215.66003 
6.26827 36.36840 216.09753 
8.33273 34.90071 218.32788 
10.71342 32.18962 214.33350 
12.76859 37.66533 217.87646 
12.97268 39.18604 217.51086 
14.27133 39.74629 213.55591 
15.79304 38.52773 218.17456 
18.35937 37.46214 217.82458 
3.65272 43.39667 206.28137 
2.05075 45.58838 204.88928 
3.21192 46.37956 206.17493 
3.31395 45.77936 209.14685 
5.46761 43.02789 206.53967 
5.18999 42.75454 209.16077 
9.75799 42.52614 207.05579 
15.92721 43.10395 200.10925 
4.64204 44.57596 212.23425 
5.96642 43.54831 213.24036 
6.71578 43.24640 216.42310 
6.73042 45.70435 211.61853 
12.87019 43.26832 210.88843 
11.29953 44.49569 214.35547 
25.07900 0.79558 204.57373 
21.56029 4.82260 208.97644 
28.06628 3.04418 205.01428 
33.94616 4.48675 208.43835 
37.57230 5.25944 205.45068 
25.70373 3.16906 216.77527 
35.62551 0.39625 212.61877 
29.87443 7.92402 212.23755 
32.89394 6.42481 216.33411 
31.48811 2.47406 217.61218 
23.33110 15.10837 200.37585 
26.64346 12.79170 201.51978 
24.22343 23.36336 200.23987 
23.39907 10.64958 203.37524 
20.78430 11.12450 210.36279 
20.56168 10.89512 210.23071 
23.34542 12.45043 206.75366 
31.41577 21.91322 201.59729 
32.98172 21.89893 202.42358 
37.56657 19.62475 202.07117 
36.33935 20.99530 201.42627 
34.56220 19.23470 205.92371 
20.65347 15.08218 216.99744 
30.95455 10.32968 217.43604 
31.14408 15.01693 216.69324 
36.84001 17.95699 215.47522 
36.97911 18.23003 215.71851 
