3.15998 5.19231 208.86768 
13.96369 4.83324 214.92676 
0.24571 8.00264 207.93970 
4.23627 8.43434 207.07373 
1.86273 19.14894 208.69409 
19.21068 15.46497 216.05676 
2.39183 23.53430 211.66382 
10.45709 35.17225 203.90198 
18.83300 37.31536 215.99170 
5.03219 40.71491 209.58057 
5.25964 41.00613 216.24817 
25.63732 2.28193 205.54016 
33.00240 3.40871 208.82458 
23.84587 15.16564 200.05640 
33.54527 21.33387 202.75745 
31.99764 21.19501 204.02600 
25.57215 10.83093 216.00342 
25.51627 15.16062 217.99402 
