0.01880 558.76825 3.12115 
0.04126 554.08136 242.18100 
95.52393 802.47778 0.10638 
108.27524 799.97418 4.10351 
111.23575 799.01227 6.21943 
96.79140 801.10626 13.68059 
95.35098 798.23706 16.91622 
96.75276 802.18225 15.70029 
100.86766 798.03107 18.54948 
103.55144 801.39050 13.14639 
107.00511 803.64343 15.40542 
103.84784 806.21777 2.71013 
108.19896 814.00519 2.82211 
94.27092 806.22632 10.54138 
93.87210 812.00891 11.96259 
97.10208 816.39966 13.02478 
94.51583 810.83093 14.03105 
94.22089 812.44672 14.03129 
94.98309 816.83203 13.44237 
98.44714 813.25604 7.31376 
101.70773 811.98151 7.29491 
105.41708 812.08209 8.49250 
97.64715 807.65613 16.38887 
99.48028 808.99280 17.36545 
113.65514 799.52380 3.46737 
118.10370 797.04883 1.76615 
125.54121 797.38037 5.46523 
117.35818 800.32947 10.72671 
124.80063 799.13531 14.45693 
121.09763 799.64771 20.04324 
123.99431 805.62750 5.50300 
122.65033 809.13232 3.10033 
124.26676 808.85040 6.66829 
119.88070 813.74091 9.20311 
120.36636 813.48889 3.21364 
120.01035 813.19318 4.57930 
127.16582 817.52112 6.61505 
114.61891 805.81061 16.85112 
124.40434 806.05853 9.28335 
122.75579 810.04895 10.34238 
122.79643 810.44299 10.25387 
122.99508 807.73486 19.03994 
115.39930 812.16119 9.47913 
120.28046 817.42285 9.56770 
123.48390 817.54065 12.19041 
123.76479 817.86920 12.26562 
121.51083 813.74011 19.15801 
131.84187 803.51892 1.91863 
129.66840 812.46069 0.64608 
131.67999 814.04694 3.99712 
134.92955 812.35425 2.31498 
129.47871 814.27136 8.54119 
131.62741 815.75769 8.86732 
129.59052 815.22113 11.93398 
131.57843 816.11481 12.41334 
139.71323 804.84521 11.63221 
138.19862 812.11761 8.58508 
97.94301 797.98163 20.58655 
109.82162 798.35126 28.99658 
95.97102 807.63794 33.88129 
94.05222 816.15295 28.78979 
98.58945 803.76373 24.04631 
98.89230 804.67828 24.75550 
98.59441 808.59094 32.15070 
99.55848 809.20105 32.55907 
103.64132 806.83008 35.01698 
101.83458 809.78534 29.92225 
102.06326 811.30341 34.90916 
98.33152 815.02905 27.78893 
99.26796 814.14386 28.75093 
102.63876 816.45941 30.70925 
103.41916 815.76208 33.46804 
95.88835 801.46814 37.60083 
96.53165 802.55402 35.89866 
103.26574 802.26965 39.05335 
98.33791 806.04407 35.53522 
97.59691 809.14233 39.26372 
96.07076 817.23969 46.09077 
104.44946 806.78528 36.17152 
103.35241 807.10382 41.74602 
100.23707 814.91101 42.67785 
106.51492 818.01013 40.09792 
113.09544 802.87689 21.03274 
120.70031 798.82452 26.51018 
123.19629 804.08124 33.54314 
125.14259 803.61578 35.18750 
115.41153 808.53857 24.66929 
115.20065 808.78925 23.91700 
117.99878 811.88153 24.98909 
120.04684 812.61554 21.90251 
