4.20155 939.46021 700.74512 
5.98476 963.69238 702.83008 
10.76522 948.85577 700.58521 
17.84199 953.66321 702.83447 
10.03465 961.79376 701.49121 
18.77989 955.40430 703.34961 
21.65099 958.42096 705.92798 
1.40134 963.07965 707.19189 
19.99463 945.12000 713.40820 
21.27032 953.28809 714.77612 
9.67734 960.71613 709.96045 
8.80876 962.72430 715.02026 
18.51104 959.39282 714.43188 
21.29884 955.49359 715.12134 
21.94637 959.73450 715.72876 
18.52110 962.76190 712.73975 
21.45872 956.06335 716.34619 
38.16925 938.65936 704.13843 
44.31420 943.22052 700.53906 
36.17481 947.97314 702.68115 
25.26421 956.24579 705.30591 
29.78368 953.47455 706.27686 
36.58434 954.47101 707.47754 
24.70350 958.21118 704.78662 
22.77461 959.23816 707.15869 
25.79315 963.39636 709.09546 
32.88584 963.99072 707.61108 
27.49315 951.43781 713.27881 
26.13869 953.75098 711.85938 
33.83616 947.95221 715.78931 
24.19806 962.01788 718.31470 
27.69360 960.07178 716.88965 
44.83888 953.09619 704.98853 
45.97302 960.35181 702.97412 
7.59482 970.95239 705.01953 
14.66954 983.05664 701.23364 
0.74746 967.90948 709.28198 
1.72556 966.97546 716.34888 
5.01538 976.82477 717.08740 
8.62000 968.98627 712.19385 
10.31613 967.68280 713.25537 
19.21698 964.45605 708.42236 
18.09002 969.22284 707.08350 
22.86568 970.87793 715.62964 
13.61216 982.71191 707.10547 
32.11638 978.75049 705.01782 
31.17740 982.79401 701.48120 
42.16320 976.31122 702.86060 
45.64749 970.66528 706.07349 
39.20004 978.87927 702.38452 
38.69156 979.98785 703.54102 
27.40443 964.28503 716.35449 
28.65202 972.75641 708.90723 
29.48315 974.77356 708.49243 
38.12508 965.81067 708.51245 
27.86845 979.83258 711.42969 
36.34849 978.40332 707.91528 
36.52238 980.48639 708.97729 
30.79059 984.13367 713.46313 
34.49117 981.06866 717.51538 
45.90135 964.74988 715.56519 
46.44096 970.71283 713.54297 
40.07400 974.22339 708.77246 
44.85605 972.80371 709.69580 
4.53519 942.40710 705.33081 
5.56659 943.59418 701.15674 
1.22328 944.77197 706.88794 
8.95156 943.35474 700.42383 
8.92776 944.81165 700.35718 
12.31485 946.67371 702.19751 
18.02286 941.51190 700.19702 
15.09930 943.63116 704.75391 
1.40841 953.60870 702.57227 
7.91727 953.21930 703.53711 
1.25894 963.77765 702.62061 
13.42126 948.73657 700.11475 
18.35368 952.04077 700.31787 
19.06932 952.74878 700.59570 
20.02772 953.36835 700.60815 
17.47496 953.63556 702.70581 
9.97419 959.60504 707.03052 
21.62210 961.06671 704.15234 
21.06033 964.10907 706.08862 
9.56010 944.45105 708.88232 
20.77502 938.35992 714.18481 
2.39102 964.17230 711.92896 
18.62977 946.12628 711.19312 
19.86040 944.92529 713.01392 
20.79517 950.71887 711.27979 
