96.70528 797.47827 3.39088 
94.42315 800.64148 5.44004 
101.21344 797.87103 3.30926 
108.40517 800.33734 4.28732 
111.72456 801.14331 6.51241 
94.92889 797.57715 12.16209 
95.98421 800.59937 18.78453 
96.64868 804.42535 17.38865 
95.70881 803.04449 18.68091 
99.99347 799.00690 12.03547 
94.12395 815.01080 1.98335 
93.90673 814.57068 3.20604 
94.29212 812.89099 14.10204 
95.72457 813.76862 14.01190 
98.29758 810.17401 13.24269 
98.75825 817.39069 15.09877 
99.43182 817.85272 16.45528 
103.58685 812.91296 17.80909 
115.24042 798.56396 4.69848 
112.19444 799.83063 5.56518 
114.05170 799.25800 6.01774 
115.59963 800.62067 19.14767 
119.95887 799.17053 6.57519 
123.53092 797.94421 8.07744 
123.93136 800.86145 6.83197 
125.86253 799.19836 9.04970 
124.83525 803.76898 7.69930 
124.91286 800.70203 17.34873 
113.00927 808.78766 3.70468 
116.05662 806.60168 7.37136 
124.00940 805.54333 9.05632 
113.91434 813.78387 3.96542 
120.02271 813.10120 5.15523 
127.01820 807.78949 18.36900 
129.32617 812.44604 1.29139 
132.18420 813.00543 0.39760 
134.08328 817.00220 12.26488 
96.96182 797.88104 21.20275 
109.89437 802.07404 26.67065 
95.73833 803.29132 35.08175 
95.76582 810.73303 20.91832 
94.51611 813.57959 26.38136 
95.41243 814.83411 25.52077 
98.83048 804.12268 24.75984 
103.93925 810.76794 34.61134 
112.77187 807.08447 23.65721 
99.10815 815.49469 27.83605 
99.87151 813.84821 29.11459 
99.17477 814.37354 28.48094 
103.95566 813.39709 35.08792 
97.19099 812.84210 41.34473 
103.53200 806.54010 35.42143 
102.76865 807.11871 39.49520 
105.86777 807.67010 35.05435 
107.33570 813.72864 36.78098 
105.86749 814.66290 37.09913 
114.52081 806.60846 26.02025 
