10.88993 950.57410 700.78003 
9.37513 958.80548 705.81714 
12.48882 960.08191 703.80713 
10.14055 963.97528 704.46655 
7.15125 940.55334 712.59155 
18.37204 938.85962 717.20801 
18.69105 939.54645 716.52197 
21.65426 949.78522 714.78906 
20.49125 963.47247 709.55103 
21.83947 963.45410 712.12256 
19.80477 962.09436 715.08496 
19.12390 963.00031 717.58862 
26.65465 940.41650 716.79199 
39.29668 940.28052 703.87500 
24.58483 956.09656 704.50806 
29.13625 961.59448 700.35522 
24.52137 962.07776 708.80908 
23.11782 948.58893 717.56641 
24.55405 947.95685 717.26123 
25.95107 953.50629 714.08911 
26.01586 954.02795 714.99512 
26.64012 954.28845 715.48657 
11.88406 970.44769 707.22314 
11.21916 975.82166 707.09473 
22.92890 968.26971 717.39575 
30.76454 972.49854 706.35254 
36.96602 966.81836 701.28369 
32.64052 969.87476 705.08276 
28.33400 978.79126 705.87256 
29.54665 984.01862 701.27686 
36.57806 982.03546 702.45337 
41.71953 971.27466 700.13232 
39.20258 980.75348 700.53955 
38.70461 978.78540 704.00024 
38.61853 980.58795 705.20264 
27.19354 965.56781 708.70776 
30.80375 971.65076 707.60571 
29.47982 973.61072 708.64453 
33.94216 971.45447 711.80811 
25.86526 979.18634 707.28076 
29.96506 977.68475 713.74390 
35.24001 982.69958 716.29785 
35.28472 982.65576 716.82251 
45.17479 972.64563 710.00000 
12.57818 960.49243 701.81885 
