10.65399 947.53406 700.67090 
0.77423 963.02411 702.43140 
10.46633 952.43561 700.89185 
10.58424 961.11530 706.47510 
17.66438 956.41534 702.65869 
5.24228 962.79028 711.34058 
19.08950 962.15894 711.12231 
45.44789 940.23993 703.71606 
22.68016 948.54211 716.78638 
22.16565 962.83435 717.23706 
9.77214 965.59436 702.32666 
19.12387 966.48932 705.89600 
0.21601 969.71362 712.14697 
0.56070 971.35034 714.82910 
24.00055 978.10010 708.77759 
23.53372 977.31238 709.58960 
34.73913 964.95367 701.10986 
24.64839 981.08820 706.92358 
42.11335 975.77527 701.25708 
32.83232 979.27771 707.63159 
34.37309 982.02026 713.94043 
31.29566 984.05634 714.78784 
46.01276 981.54651 708.68604 
38.87235 983.08240 717.42871 
5.36333 937.85291 700.40527 
17.39896 949.36035 714.00952 
