3.55110 3.50443 207.17004 
8.20540 5.74192 209.61340 
9.83659 4.07766 205.27698 
0.77000 2.48014 215.27319 
1.53274 3.80519 216.22961 
11.09442 4.43981 213.51917 
14.60445 4.71275 215.39429 
2.62686 12.80599 203.37415 
0.39992 9.83732 208.32788 
2.51743 14.30371 206.41223 
6.28180 9.47019 203.42163 
4.64430 7.83526 212.39941 
13.18103 9.25463 208.61243 
4.59256 14.45765 207.16101 
5.97710 17.02111 207.13452 
14.65276 20.43885 206.24414 
15.17758 21.03891 206.38782 
0.37179 10.23703 218.65808 
4.73049 19.30363 214.22461 
4.76034 19.99312 216.26489 
0.24094 18.94445 217.57031 
7.06237 6.29757 217.96582 
15.63788 11.56232 214.49402 
6.90494 15.75821 217.50720 
6.60068 15.98700 218.06226 
6.90683 35.35249 207.24866 
6.57538 40.05125 207.86011 
15.10840 25.34263 206.38318 
15.13037 31.13866 207.61792 
14.61173 27.45795 211.99158 
14.40894 27.92333 213.10535 
7.45383 35.24627 203.49133 
9.74726 34.85084 204.60754 
15.50308 33.59955 206.79016 
3.84429 26.58989 213.83630 
1.98648 23.88316 217.79626 
3.85593 32.66304 213.64746 
15.17758 25.84594 216.27576 
6.93804 33.88832 216.88171 
17.58526 37.58119 217.41077 
3.60074 45.80085 209.11865 
4.09002 44.94513 212.10071 
5.59106 42.03323 216.37427 
11.83973 41.26234 215.41687 
20.89464 1.61743 201.66309 
27.99326 7.63365 208.84961 
27.98140 3.29614 215.19189 
35.01054 3.58748 212.78101 
36.95729 11.67128 202.00330 
33.03595 17.19957 200.32117 
36.44487 12.56782 206.80249 
34.24712 12.12080 207.18787 
29.47027 21.54685 203.66089 
27.75512 8.56138 213.62708 
22.54448 23.82308 212.30469 
20.99907 16.85339 215.67200 
22.15258 17.79993 215.31494 
32.30335 17.48782 215.71484 
