1.49491 4.44978 200.58948 
4.91396 3.74944 209.23303 
11.85448 5.28086 208.92725 
0.53721 4.33854 216.39160 
5.49108 5.33963 211.94299 
0.28808 9.26105 208.17957 
2.74285 6.11545 206.56506 
6.37444 8.99037 202.18994 
11.49235 10.22087 202.00964 
18.32384 11.87676 203.36743 
3.04895 10.21932 218.39270 
0.22733 18.68696 217.29480 
19.70537 14.46500 217.28284 
2.75987 24.51076 212.60010 
4.92267 27.84519 211.96729 
5.18183 39.20860 207.04468 
4.98099 39.68946 210.29517 
16.02337 27.07547 208.79102 
9.08899 34.42523 205.64917 
3.54109 35.35274 214.32666 
12.28272 28.86350 218.08594 
15.76017 28.39838 214.07166 
3.36650 43.08312 205.46167 
1.76825 46.38208 206.40210 
8.28604 44.21017 203.79602 
7.98876 44.73354 204.81689 
4.34187 45.75245 213.15063 
6.04513 42.19035 216.64124 
5.01215 45.23625 213.55957 
35.97126 0.89856 203.62561 
34.30101 20.38010 202.97168 
