0.04834 560.22900 286.21613 
105.64355 767.09521 0.07080 
95.56055 800.10614 6.67870 
103.15688 798.70642 7.76106 
109.09167 800.33105 4.08281 
110.22324 800.45673 6.22540 
94.23327 804.37085 12.89152 
96.55606 803.66071 18.66606 
98.54480 798.71405 15.84380 
102.49780 798.90637 17.90242 
97.13774 803.43439 16.85179 
106.48380 801.06940 9.45370 
106.60600 813.52637 0.74643 
109.03018 812.79236 2.83446 
108.73532 815.09998 2.61873 
94.79184 811.39771 9.10600 
94.78919 809.38251 13.14448 
95.12257 807.01959 19.51210 
97.24741 810.91730 14.64848 
94.33372 811.68036 16.97625 
97.77058 817.19440 7.12104 
98.29762 816.79205 11.25340 
102.28738 810.80597 14.48836 
114.15669 799.66486 1.80447 
114.92879 797.23383 4.76150 
115.82088 798.70502 6.30654 
120.68428 800.34973 6.42306 
124.62572 802.44507 16.74443 
126.76176 808.37958 5.84784 
116.39380 811.00153 7.47073 
116.06202 810.67810 8.53163 
119.86462 813.34399 9.01198 
123.84128 809.62396 13.16785 
125.52941 810.87646 12.85620 
120.94870 808.83734 17.76148 
125.87514 810.67786 15.19264 
120.51165 812.97296 20.30032 
125.14878 816.44476 9.76361 
128.82066 800.28894 3.25548 
131.88794 803.30206 1.78646 
136.01109 808.42645 8.15070 
128.78140 814.52826 5.64711 
128.31621 815.73193 7.61830 
132.82256 805.74384 19.45056 
138.53836 804.76025 11.15797 
137.72954 808.62982 12.07576 
138.54614 808.89343 11.69893 
103.73366 797.39600 23.07354 
108.63216 797.91492 27.20799 
108.61060 798.95129 28.46042 
97.34755 803.54523 21.25343 
97.74712 807.87738 31.37139 
94.39988 813.25769 26.36380 
98.69517 806.39185 23.87321 
103.97968 807.87421 29.08367 
99.58878 811.97699 34.37063 
98.57270 813.73761 20.70032 
102.45528 816.99768 23.38100 
106.95830 802.32898 35.66688 
105.55717 814.55200 37.10698 
117.24901 803.04102 23.35107 
129.95363 803.04126 23.34560 
123.00775 800.04022 28.50460 
113.24842 808.08447 24.44901 
120.29649 807.79266 21.21131 
