3.43964 5.23160 209.31763 
7.02984 5.67885 207.98035 
12.26564 3.91979 204.78113 
1.02665 3.77901 216.17859 
3.99321 4.00311 211.84058 
2.23703 18.86286 208.75671 
2.84003 20.96563 209.07092 
5.03447 6.79222 201.04590 
7.08174 8.55182 206.76099 
6.26272 13.07453 206.26819 
8.41933 12.62863 205.10193 
14.45152 20.33198 204.96155 
12.89265 18.91348 205.93958 
1.86157 9.80045 217.75122 
0.75941 17.68787 216.72034 
3.73533 18.61862 216.55884 
5.32373 24.97578 209.72498 
5.62103 28.13152 212.54016 
3.09007 32.82514 210.38220 
11.44756 28.33907 205.77905 
14.46697 27.68035 211.91187 
14.04798 27.89428 213.09741 
2.33446 37.25371 214.76917 
17.00650 26.05915 214.64575 
16.09841 37.88595 217.25330 
8.58301 43.90537 201.98621 
12.29824 45.96393 203.13965 
17.01331 44.88688 207.92041 
4.60428 42.28718 216.34839 
5.81962 43.65368 214.40894 
6.71335 43.13945 216.26953 
28.41757 4.08858 208.37268 
36.58410 4.76986 204.13062 
36.46487 0.38172 205.05505 
23.65720 22.31227 209.89368 
