99.94131 766.96655 0.11865 
95.96548 777.23572 0.15356 
94.00677 802.36841 1.45469 
104.84598 802.98962 2.73477 
95.20048 802.73578 14.88088 
99.98360 800.08636 14.38328 
102.72728 806.20471 0.97598 
104.30904 805.62543 2.65955 
95.61124 810.33679 15.65886 
96.18546 806.93939 17.12615 
94.74425 813.78387 14.02367 
104.20520 811.89716 5.72291 
103.51114 811.11365 12.96833 
104.74268 806.00702 15.37505 
127.31149 798.18292 1.88829 
112.54709 799.75348 5.79063 
114.42017 802.44525 9.48902 
123.15468 804.09613 7.48664 
116.57036 811.16626 8.96793 
120.16617 812.50519 9.17961 
114.29652 805.01025 15.47791 
123.99165 806.72382 10.23471 
120.65597 810.76752 19.18611 
118.80987 813.57135 11.27260 
120.72531 817.55548 11.19383 
130.62056 809.50842 1.78290 
135.67403 809.35010 6.24347 
132.66364 815.84668 7.30123 
108.22324 799.27075 33.48408 
107.98178 802.00354 31.43037 
102.45062 816.04840 30.63608 
96.14558 803.50531 35.42065 
108.04750 812.63904 36.29129 
116.75512 808.81323 21.73147 
