5.15322 5.26479 200.02246 
7.27429 5.14746 208.61511 
16.35180 3.35886 205.80298 
17.63332 2.98012 205.24695 
7.90810 0.61722 211.46094 
13.28786 5.12948 215.10596 
2.14496 22.23693 210.34985 
9.72723 6.82604 200.86426 
4.48152 8.70512 207.03210 
11.05778 7.64156 206.42249 
11.63371 7.34731 205.61584 
17.42038 10.42702 205.04260 
6.00670 14.92094 206.78796 
17.23190 13.15285 216.64514 
17.33095 13.30913 217.21704 
2.54722 28.15312 211.52600 
4.84502 29.30675 212.07776 
12.43102 26.37137 206.01953 
9.84202 29.19757 206.61475 
13.10558 34.81416 200.53577 
18.89426 37.53339 203.00305 
1.40140 23.79716 217.13818 
2.75390 25.63304 213.52014 
0.41140 28.32817 215.89856 
9.12517 23.19995 214.56580 
6.22125 30.70006 216.50635 
1.89231 46.63288 214.21765 
3.85203 43.56118 215.11450 
7.87832 42.06855 215.61768 
5.16508 46.37424 213.49951 
12.81619 42.39038 212.32629 
10.87583 40.29704 217.03210 
37.00096 13.87487 206.86145 
27.12408 10.10094 217.97986 
30.00285 14.45255 217.17664 
33.32650 21.03692 214.95264 
