0.78770 940.66895 700.08618 
0.97195 963.95074 702.59961 
10.64913 950.12933 701.14746 
21.94730 956.61407 706.43726 
2.93005 962.52362 710.86084 
16.30621 945.13416 707.53296 
20.31084 952.13354 714.50635 
15.80273 964.11615 707.46069 
18.42973 962.65112 711.93921 
20.58208 961.63660 710.20801 
19.05979 963.24341 718.58276 
36.69097 940.24609 703.92749 
30.84520 938.38037 714.69141 
34.95204 938.92706 716.47754 
32.04834 952.39343 708.75659 
35.08003 961.42920 700.32422 
24.26673 958.22168 704.27710 
24.80713 958.37976 704.22778 
23.55588 960.01929 708.02661 
22.71781 953.99982 713.19556 
22.63294 963.58777 711.76367 
22.88150 963.15894 716.19336 
38.91782 959.77759 714.50562 
0.84981 965.55768 703.08618 
10.12631 967.50446 702.31372 
10.17312 966.49799 702.68921 
7.90999 970.24048 704.39062 
13.64128 983.74561 706.85645 
0.62881 976.44800 712.22046 
0.81340 976.44653 714.17407 
22.73452 966.18628 710.29639 
14.61911 980.96973 710.82007 
36.46702 966.14136 701.39185 
31.35911 976.03552 705.67871 
32.55202 979.24152 705.65967 
32.08606 980.47858 704.17773 
41.50637 974.44049 705.08276 
30.61092 967.12970 716.64526 
31.52556 971.47815 709.30884 
32.80358 973.97742 710.83911 
33.66638 972.01007 714.02808 
28.97686 979.02930 714.03442 
34.42497 980.09625 718.53467 
34.57821 982.91901 717.20337 
34.00350 983.32532 716.42676 
45.24001 974.11469 713.65967 
39.69559 973.00208 716.86792 
43.25135 976.46906 707.06055 
11.39159 940.97858 706.09033 
12.26754 960.38062 701.00269 
16.26290 948.01422 712.64673 
