1.17183 3.25916 201.29980 
3.08370 5.64539 203.40283 
6.26838 4.49918 208.36108 
10.98745 4.25418 205.01978 
11.84774 2.92980 207.33472 
12.79742 2.44411 206.82202 
10.86143 4.43488 209.19116 
0.60202 3.91141 216.02332 
6.88153 5.15880 210.91528 
8.73992 3.45567 210.80188 
12.90940 4.78817 214.37903 
4.28560 6.25089 201.93982 
2.03883 13.24671 204.96851 
3.45383 7.94396 207.36755 
6.90807 11.36850 205.14343 
13.98573 19.91514 205.00708 
6.31486 13.76108 206.61975 
3.88631 17.76476 214.19446 
1.05694 26.69659 210.16919 
5.39284 28.92465 211.95984 
2.49506 28.64286 212.42664 
12.23129 35.07557 201.70276 
16.62278 38.59084 212.79724 
4.01538 26.98324 213.98962 
1.23982 29.44209 218.33289 
4.13021 34.39259 215.13306 
4.79069 35.63777 214.56738 
6.39818 27.91957 215.27051 
16.82262 22.94337 215.33411 
9.55048 41.80117 202.03296 
5.08807 42.39336 208.29016 
11.04023 45.62311 209.58704 
4.55907 45.34042 212.27747 
7.33499 42.53323 215.69885 
7.28875 41.11621 217.30920 
5.57056 42.50381 216.80652 
7.30935 44.86617 212.71484 
23.54996 0.53709 203.71057 
27.65191 2.88098 215.64514 
32.65182 7.31072 216.30127 
36.49193 4.46782 211.68835 
35.72039 10.36957 207.62671 
35.56433 18.92509 206.57556 
20.23302 14.78140 217.20190 
22.58617 21.94503 213.88855 
