1.03331 938.82281 700.97656 
3.60854 939.42651 700.09082 
13.47205 938.94403 701.00952 
12.36587 941.26605 705.27197 
14.68796 943.54504 705.56128 
0.12273 957.95660 702.09253 
12.67793 954.93048 700.21509 
9.10201 958.56921 705.14600 
20.52570 957.41901 703.23462 
21.56223 958.27881 706.32715 
21.67996 963.30902 706.22290 
7.57411 941.17474 715.86865 
18.49959 942.41217 714.73340 
20.67441 943.17914 715.52368 
2.80932 961.15472 710.01514 
6.26777 962.47125 714.45654 
7.75631 962.29968 716.03906 
15.52845 948.46289 709.65503 
16.16326 947.28986 711.34106 
17.75317 949.72601 714.23315 
20.19167 946.72766 713.48022 
21.43650 954.82812 715.43237 
18.75901 958.60657 714.55933 
21.52660 944.48444 717.86572 
11.04958 962.34064 716.89600 
31.45859 941.87518 703.49390 
28.13140 945.20941 707.54761 
27.43295 941.63086 718.18774 
35.23288 940.65198 717.76562 
43.47012 940.32593 702.65063 
23.88091 954.56824 701.94067 
23.40500 954.31073 702.24512 
33.15022 948.45343 702.79761 
24.08357 951.94232 709.83325 
28.30808 951.58582 704.35889 
28.51433 949.98920 705.83081 
22.62154 956.04767 706.15552 
26.15375 954.24628 705.15039 
29.98942 948.65607 705.56689 
30.90761 948.70569 706.56274 
29.80531 953.31696 706.33911 
29.34912 962.00073 702.79590 
23.10413 957.08624 703.99927 
25.44858 958.69745 704.24536 
23.37126 960.24414 708.02661 
24.82631 963.17767 707.76953 
24.51009 963.51361 709.23926 
26.95242 959.65778 704.03540 
29.49305 958.85065 704.17334 
34.19749 948.55597 716.62842 
22.83270 963.54987 711.68335 
43.81060 950.57672 701.39795 
41.60862 961.05609 703.85669 
44.83879 958.58923 715.92480 
0.33832 968.58032 701.68115 
8.15302 970.03345 704.30347 
14.69320 973.91956 704.99585 
18.39674 966.87128 705.94824 
7.16590 980.19250 713.20898 
16.70032 966.47980 706.89233 
16.49817 968.60913 707.42432 
11.91783 965.68066 710.97876 
8.77385 979.43250 709.02490 
11.62480 977.65826 707.41382 
16.57555 977.94867 708.38110 
21.36343 974.89404 711.62622 
25.40705 964.71765 706.87183 
26.14081 965.40594 706.77246 
26.19985 967.40961 704.52148 
30.60262 971.49799 706.77051 
31.21013 972.48285 706.72656 
33.21791 973.40704 704.08740 
36.37611 980.72705 701.61694 
36.77423 980.99048 706.11597 
31.14521 983.96771 700.35498 
25.38888 984.03607 705.10132 
37.95665 971.54742 702.40405 
45.01836 971.87415 705.54370 
40.85002 977.86859 701.22705 
37.74570 980.74060 702.19092 
38.26162 980.85126 703.27905 
27.74232 974.59186 707.11401 
28.31852 975.34644 709.19678 
29.60774 975.24255 708.28906 
32.89712 970.60785 715.84546 
38.68114 972.26019 718.45312 
36.98270 976.71167 712.90088 
36.39768 982.39880 715.11304 
44.46184 973.96075 712.41699 
45.83525 965.81836 717.08447 
43.31662 976.91785 711.82837 
46.09661 982.50372 714.52759 
45.04361 979.77222 717.80615 
0.11334 937.62671 701.31299 
5.68428 939.66931 700.67432 
6.78841 944.05255 701.37402 
0.97593 944.24115 705.01660 
3.57461 945.58063 706.47437 
6.41707 943.78809 703.89844 
8.84341 938.41913 701.86353 
20.16459 938.16479 706.49927 
9.98638 939.08759 701.44482 
11.77583 939.88153 701.68408 
11.28629 939.52393 704.02856 
13.90436 941.55511 704.63379 
11.66127 941.41333 705.84058 
7.86351 944.53296 700.66675 
8.47767 946.79297 705.57910 
14.52506 940.28186 702.16602 
15.92766 939.34662 705.36694 
16.03467 945.78271 702.25415 
17.18090 944.16693 700.28271 
15.05841 944.19489 704.78613 
13.97753 946.04333 703.96313 
0.17043 961.05103 701.75098 
0.19213 961.23969 701.68115 
0.27390 961.62250 701.65283 
1.60309 950.80090 703.17773 
8.13463 949.83008 701.74536 
6.37568 954.58350 702.06201 
8.41001 960.63977 700.02148 
0.87560 963.48981 706.65454 
2.23935 964.16821 704.38330 
7.29537 961.07501 703.20850 
7.15711 963.51111 705.71167 
10.56072 949.30981 700.52612 
11.06375 951.42163 700.68384 
12.29197 949.87231 701.28198 
9.79047 950.28833 704.62695 
17.90936 950.12653 701.37085 
16.77736 951.57422 703.16455 
15.38545 948.23944 706.15063 
19.16935 954.43323 702.40991 
19.32757 954.77539 702.72852 
18.38360 954.96503 706.23633 
14.92161 956.79211 700.59717 
11.77138 961.00031 700.25073 
12.96111 959.69531 700.99048 
12.06389 959.23920 703.71509 
10.49859 963.78302 704.36865 
11.20952 961.00024 705.89868 
20.21984 957.78101 701.05908 
20.47035 961.94073 700.18774 
18.89255 955.50006 707.12769 
19.33866 956.66595 703.80249 
21.36741 958.14600 705.42627 
9.23264 938.01276 708.05371 
18.16084 937.60327 715.17163 
18.36641 939.84760 714.55933 
18.78835 939.70355 715.92993 
18.36523 941.16486 716.36304 
20.19398 942.00409 715.59448 
21.30730 942.57129 715.68750 
1.23856 961.20612 710.39746 
1.55522 962.87567 708.25732 
7.81220 962.21997 708.89185 
7.28517 962.72205 712.44580 
7.90632 962.71649 714.24683 
8.66124 962.45294 715.67944 
6.39556 958.45325 717.98706 
6.95203 958.49524 718.45947 
7.34482 962.09253 717.47412 
18.27045 947.11664 708.98267 
20.01578 945.03589 713.23950 
21.97714 949.41449 715.59521 
20.44046 951.92993 712.83521 
21.61367 950.98737 715.37476 
21.91781 950.81354 715.57056 
9.24311 961.00586 711.21289 
15.91287 961.18335 707.23413 
12.24819 964.01251 709.85059 
15.85988 963.65753 711.16602 
