9.42527 945.94446 700.32788 
9.67779 946.12872 700.40698 
9.92467 949.58710 702.19482 
14.78702 957.59460 700.24902 
10.21667 959.85876 706.88940 
14.71928 956.37921 703.22998 
9.96388 964.04883 705.69922 
14.20331 962.92291 706.43726 
21.59107 954.29547 715.10962 
11.32914 963.54126 713.64282 
13.36571 963.03180 715.33301 
17.94268 964.16711 708.49121 
18.92871 960.76624 714.54834 
36.24337 939.07098 703.19238 
37.88698 943.48883 702.94409 
36.12766 942.18872 707.23779 
35.95020 942.27924 707.36987 
42.50949 940.75543 703.07935 
44.50875 938.15637 707.94067 
30.48545 952.30597 705.59448 
26.02499 957.14325 702.97168 
29.23077 962.15454 701.94580 
22.42014 958.96143 704.40381 
27.69383 955.09125 712.64038 
27.78589 958.61377 711.71875 
0.96338 968.43329 705.58716 
0.86735 968.69043 705.53271 
2.79739 967.27686 704.35400 
7.29995 970.56573 705.36304 
20.01404 969.54742 704.32520 
20.43689 973.03400 701.92773 
0.81917 975.53784 712.88159 
14.85653 979.23468 708.35669 
23.10827 965.43164 710.53271 
22.06857 973.65338 714.54077 
33.70004 964.89026 700.36792 
35.56805 980.55200 704.86841 
27.71568 982.00494 700.80933 
24.25829 983.04840 705.65234 
24.08851 982.89813 705.87183 
31.20748 982.33899 706.86157 
31.01536 982.59351 706.85205 
38.59638 968.02216 702.04614 
45.41133 971.47272 706.75513 
44.63605 976.79852 701.14746 
40.25672 978.72595 700.79736 
38.92377 980.88538 701.30200 
32.75229 972.31879 711.75610 
25.78976 972.00018 718.50610 
36.67677 980.73761 707.70483 
35.79456 982.50348 715.38306 
38.91491 967.41083 709.45581 
39.92668 967.88031 710.18604 
43.23373 971.48322 714.47900 
43.85496 975.83600 712.38159 
18.39954 954.88879 705.91504 
9.42074 961.09515 709.74219 
