4.13034 4.74809 201.68201 
2.11232 3.84304 205.77429 
4.87832 4.07761 207.97791 
15.90144 3.31428 210.69946 
1.27132 3.90802 216.86829 
2.93870 8.04493 207.21301 
5.10979 7.06590 201.21191 
8.33060 7.67096 207.14160 
8.27493 11.59346 206.77075 
13.74442 6.16237 212.44104 
15.15616 9.23351 206.48401 
17.61785 10.38795 207.46326 
17.65277 22.12876 204.30701 
16.50977 9.61718 215.96545 
15.43142 11.04918 214.60413 
6.06762 27.19152 210.63513 
5.43692 28.61990 211.62915 
0.42714 36.86639 206.19324 
12.44183 27.65733 205.34167 
17.40776 24.69394 206.29602 
15.16523 28.33728 203.38147 
10.26219 25.93418 213.00427 
10.88082 35.37773 203.33350 
11.42848 35.31418 202.60828 
8.69843 37.11640 205.55505 
2.97179 26.00433 213.47302 
4.93483 30.57662 216.93909 
2.32298 31.74538 214.58044 
3.85521 34.17636 214.22046 
4.50320 34.99869 217.40491 
7.83818 27.70067 214.00732 
6.76710 30.72402 216.72864 
17.26600 26.71072 214.76990 
20.03167 36.98311 218.46997 
3.45401 44.21497 207.92603 
7.39024 41.84593 204.64221 
6.65970 44.90945 201.47119 
7.11234 45.00441 206.61633 
6.64514 45.11343 207.39893 
6.40799 45.24115 207.77295 
0.46596 45.82251 215.33960 
9.49137 42.60699 215.54285 
6.94466 42.69566 218.27063 
15.13153 43.53155 211.92944 
22.09315 0.88791 201.50171 
35.91692 0.46607 204.23193 
36.23397 7.98089 207.54285 
20.76019 7.41832 213.91870 
31.76689 0.64865 212.87256 
30.21035 7.70210 211.75159 
24.72760 16.21469 200.01758 
24.89721 12.58631 201.95496 
26.91791 15.63251 202.42139 
25.03400 15.53453 216.64417 
22.02638 21.76002 213.86877 
22.36513 23.62068 212.74133 
23.99738 16.90711 216.45544 
32.79509 16.25557 216.43665 
