2.49099 946.02612 700.13892 
1.44173 961.20563 703.33618 
12.34926 949.10504 703.54297 
10.06016 952.22565 701.72437 
21.75076 963.04651 706.19385 
7.69219 938.73547 713.09424 
5.26432 962.43732 710.40479 
7.16810 958.51813 714.11426 
17.95858 947.39355 708.42822 
9.21975 960.45520 711.22974 
9.15443 963.62158 707.93506 
18.51292 962.74640 713.07275 
16.55559 946.23645 716.40039 
38.65613 941.25043 703.58325 
46.23780 938.74689 704.28442 
38.84605 941.04034 703.62939 
28.90897 955.90106 701.69507 
31.07000 953.76105 701.28735 
28.41522 949.95654 705.11377 
25.36729 963.65900 709.27441 
22.63587 959.82086 716.30493 
44.37372 946.36029 701.17065 
44.48237 946.96802 700.98462 
10.58666 966.52173 703.07544 
18.79441 966.71466 705.99414 
2.27482 975.67920 713.80688 
10.35110 975.47528 706.88892 
9.85698 979.42633 707.21094 
23.29610 964.19971 714.40649 
23.98620 976.98572 707.41577 
12.52362 981.82025 707.44507 
36.79999 965.95563 701.68213 
33.20326 967.00275 702.68140 
31.37077 980.46771 703.55615 
35.85371 981.30084 705.20190 
28.26227 983.62476 701.64771 
24.54022 983.80884 705.20557 
43.11899 971.76770 700.70728 
39.69050 977.98370 703.11890 
38.29112 978.00775 705.34839 
38.60959 979.48993 703.78247 
38.57133 980.58282 704.69287 
41.38694 983.41174 706.72119 
32.99025 969.66406 707.46460 
32.51302 973.78357 710.79321 
35.44937 970.88037 718.57886 
24.51725 980.58160 707.09009 
33.26554 983.52435 710.96680 
33.80098 983.09906 712.29590 
28.65503 978.98169 717.79639 
35.85774 982.58722 716.57324 
45.40913 965.55328 716.25171 
44.41727 975.39545 709.18262 
42.78588 971.73743 714.65723 
46.11142 965.84692 717.01855 
42.21119 977.30756 717.87817 
44.46804 977.65485 718.37695 
44.59247 981.55530 716.48999 
13.61439 943.09503 704.38159 
18.42443 954.99799 703.29785 
