6.48379 4.78822 208.60132 
13.66074 4.70331 209.91980 
18.67934 2.71414 205.06580 
3.33468 2.02635 211.77039 
9.56449 1.34444 213.22754 
4.69131 4.80425 210.97595 
3.25857 3.17980 212.35645 
11.35432 4.11759 213.72791 
2.49066 14.18200 206.00574 
3.79693 16.89694 208.17163 
0.68355 14.17088 210.03381 
1.33360 22.66003 209.26233 
8.49221 5.87836 201.52393 
9.17925 6.42684 208.58679 
10.41923 6.77138 208.28931 
18.04663 21.85159 203.24536 
5.65213 14.21264 206.60852 
5.91235 15.41037 206.83862 
9.02535 18.22483 206.70374 
12.67155 18.64061 205.11682 
0.54020 16.18516 216.25415 
11.62625 6.78769 217.43396 
15.42451 6.30090 216.48145 
4.49201 23.62133 209.65979 
3.17237 27.12679 211.86426 
4.15299 31.06961 211.36157 
4.07453 27.77967 212.40393 
8.46193 27.20984 212.00916 
17.96662 25.64806 213.27905 
12.94095 34.75960 200.85193 
19.81952 37.83256 202.15967 
8.68449 32.96824 206.25574 
1.39869 28.85193 217.65601 
5.46069 37.29787 215.51636 
7.51595 27.82295 213.84009 
9.74268 26.06439 214.48279 
6.85185 37.97761 216.02136 
7.47518 38.82924 216.24060 
18.04809 35.17914 215.42883 
4.01668 40.79200 206.38086 
5.03613 42.69374 208.93872 
6.23063 42.01268 206.97925 
11.00352 40.97037 200.10498 
15.63502 43.05610 200.01147 
4.52556 44.48693 214.11963 
8.20459 44.30505 212.95508 
7.09639 42.38651 217.62048 
7.15987 46.06529 211.21729 
23.43699 0.25901 200.82776 
29.70844 5.70558 209.38086 
35.62745 0.94790 212.26318 
34.70815 1.19485 213.04285 
21.41967 8.61228 204.84192 
22.45798 10.06508 203.87061 
27.32575 22.68208 203.46790 
31.36538 17.11604 200.01770 
32.86218 12.51045 205.05383 
35.46852 9.39280 207.09265 
29.69762 11.58948 216.51221 
21.03891 22.26403 214.07947 
32.79277 16.35884 217.00452 
