0.05859 559.08136 46.52111 
0.07446 546.27155 106.05097 
110.18869 750.08325 0.10645 
135.75349 758.33484 0.14282 
110.22259 782.73737 0.08057 
95.95092 798.02185 3.87606 
98.50090 798.00543 1.53760 
94.27941 801.70093 2.09844 
102.78903 804.11481 1.37710 
111.78973 802.87976 4.71341 
96.96725 799.70001 14.27520 
96.42503 798.82416 18.65685 
96.74454 804.03284 16.51632 
104.44204 800.73029 17.23527 
96.32398 810.59253 0.94090 
97.77230 809.43872 0.31481 
112.05992 807.91693 0.66960 
107.06474 812.11450 0.48764 
94.12515 806.83527 9.68189 
93.89251 812.06110 12.36681 
94.93340 815.31274 12.55064 
95.31733 809.51483 20.26490 
96.83566 810.79279 14.61801 
94.27312 811.99060 15.31551 
94.34483 812.21667 16.61286 
94.55725 811.54034 17.62241 
101.76820 810.95862 8.15876 
100.92532 817.52332 10.33274 
101.09687 811.11267 14.19420 
98.79942 815.42328 15.86704 
114.63260 799.56616 3.30670 
113.53888 799.09906 5.59244 
116.78694 799.14984 10.90429 
125.11826 797.53412 6.10981 
124.92583 802.85126 6.93819 
126.22615 801.91272 5.76850 
125.20280 802.19086 7.98894 
124.40916 797.71814 18.17069 
112.71661 804.57153 0.16295 
112.18235 806.21844 1.79069 
126.74065 807.87231 5.65086 
121.68298 804.46973 7.95806 
115.02002 811.25952 4.77570 
119.15510 810.46820 2.54926 
126.99654 816.98370 8.98888 
115.68382 805.56470 13.09474 
119.95730 811.06836 13.58922 
120.15599 809.03522 20.22209 
123.86847 806.03619 13.56957 
119.91594 816.36627 10.18824 
121.59638 816.98743 12.99040 
127.57006 798.59412 2.66782 
127.41375 799.87823 1.92538 
134.87827 802.56598 0.57661 
138.20314 804.66382 4.18997 
140.03819 807.18384 2.42808 
134.99985 807.00586 4.71228 
133.13133 817.51483 7.45661 
128.38965 812.43384 20.18916 
102.73730 802.29315 33.07579 
107.88396 799.70172 27.74264 
103.98039 808.81104 29.03852 
99.99112 812.91675 29.36387 
102.72616 815.69312 30.13356 
102.69030 816.39136 30.05853 
98.91058 810.94727 43.14737 
98.84095 814.11755 42.79229 
98.54028 815.86700 45.80301 
102.86696 817.51031 38.73745 
114.74065 798.37366 27.09560 
123.77090 805.70099 34.87074 
117.83829 808.11542 27.04742 
120.26385 813.90796 21.91978 
