135.34390 789.49725 0.02539 
135.16136 796.63470 0.01343 
95.10625 798.31903 4.44092 
94.18994 800.38794 4.15109 
94.59083 801.08337 7.13459 
102.92005 801.83911 1.50197 
110.20390 800.23132 4.78642 
110.20928 800.38898 7.68081 
110.55924 800.27826 7.51382 
96.21546 798.32080 18.95604 
97.31288 800.60657 13.82303 
98.76320 802.77588 14.04327 
101.15247 801.47595 13.23480 
100.08009 797.34381 18.68189 
99.89137 816.69312 4.54832 
101.36633 815.05261 3.49398 
107.17867 811.31525 3.60579 
94.88120 810.44116 7.92313 
95.42024 810.64978 10.87676 
96.96398 815.61047 6.91289 
104.97091 808.04016 5.09480 
110.56947 816.85797 5.31367 
98.88727 810.85114 17.45435 
106.95219 813.12640 14.96271 
110.01302 813.13354 15.14472 
113.70934 800.75684 0.99931 
116.03130 799.58661 1.72716 
112.08311 799.83087 6.79264 
111.98142 799.94409 6.60598 
117.42142 802.26752 8.07231 
117.00432 799.46997 20.47288 
123.32548 799.21515 7.42795 
124.45402 798.27136 6.23941 
123.98529 800.35492 6.64714 
125.63556 801.71405 8.49204 
125.41181 803.02393 7.92500 
114.70983 808.63574 8.70066 
119.14903 810.23871 2.29647 
119.92149 805.54236 7.70622 
120.38659 808.37848 9.11769 
113.99865 814.15546 3.86617 
117.70254 817.56787 3.39642 
118.17352 809.69995 18.64602 
123.31575 809.08936 12.97269 
121.37733 811.19098 15.39328 
124.15416 809.06769 14.76407 
123.12829 813.48511 14.48247 
120.90850 817.07745 9.26061 
128.51747 798.62506 18.38844 
133.07162 806.54034 3.13799 
129.04819 812.42316 2.03046 
132.81805 815.31165 4.04943 
139.10077 810.92853 1.02975 
134.57845 806.44403 10.04546 
133.80722 807.46716 10.04717 
128.43965 816.03021 5.92992 
127.71733 815.28583 8.26235 
134.02074 814.44293 8.17970 
96.93050 797.92664 20.71818 
101.78055 800.98523 22.97463 
103.01727 799.86798 27.01331 
112.85078 797.33551 28.01900 
94.29408 808.45135 20.83563 
96.36697 804.54199 34.80234 
95.98801 811.98706 21.74367 
97.14597 811.27362 34.47226 
102.79310 811.94092 25.64180 
112.72704 804.18677 23.78099 
111.31659 804.92102 26.76933 
103.62283 818.17096 22.02687 
100.30789 816.65015 28.14355 
101.73046 816.78381 27.88297 
103.12422 817.26196 29.86438 
98.24244 804.25317 37.79183 
97.31435 798.02338 46.15887 
96.44087 807.08148 39.12087 
95.14693 813.41962 41.55152 
93.87699 816.04602 46.80799 
105.46035 815.45514 38.30466 
105.10966 818.06775 37.41461 
107.15773 817.78827 40.03417 
111.36386 817.83185 42.57338 
99.22920 811.23425 44.50808 
107.31922 816.18512 46.73726 
118.03642 799.11438 26.72875 
120.73798 799.51447 26.52728 
124.87075 800.72070 24.94191 
123.73311 800.58154 29.27039 
115.01317 807.17157 24.05945 
