0.35298 962.33325 701.78198 
21.37638 949.88361 714.75513 
9.15848 962.95398 714.22437 
24.08152 955.67554 703.73486 
28.55194 956.58917 709.61133 
33.85867 947.52075 716.25366 
25.31101 963.76959 711.19531 
20.15913 970.49426 704.08716 
0.29029 975.82135 716.98315 
16.55100 967.03076 707.66113 
12.06005 979.11743 707.70557 
23.09539 976.43787 710.54150 
31.04704 972.45123 704.87915 
31.93312 981.49567 703.14697 
36.41164 981.19849 705.95166 
30.35845 982.90387 701.07568 
37.84949 977.30469 706.60327 
42.84042 975.27155 700.43921 
28.31514 965.00018 710.01245 
36.42854 972.52423 717.44019 
38.17054 973.14008 718.20386 
24.23840 978.65771 708.15503 
28.65029 979.32269 718.45459 
