4.81589 4.80431 203.22986 
5.10750 4.53102 207.97925 
10.77883 2.66181 201.10437 
18.48592 1.13127 202.43286 
16.27509 1.78416 208.51184 
19.93942 5.30403 210.41394 
0.94170 0.34059 214.17139 
4.19994 4.33435 211.75720 
8.04490 5.19799 210.85828 
8.94093 5.38554 211.48950 
10.91685 4.36092 213.35254 
13.91004 4.69518 214.40942 
14.17789 1.21024 217.83179 
2.06371 13.70232 205.57300 
0.96196 16.99862 205.73450 
2.13025 21.83770 209.89844 
7.49342 9.09864 200.57056 
6.09166 10.16771 204.87183 
9.75011 9.36904 201.33276 
12.24742 10.69032 202.57288 
6.12968 9.70987 206.27710 
11.90493 7.18841 205.87695 
2.77811 9.88121 218.28723 
3.78016 12.16942 217.14673 
3.17688 18.41681 214.78711 
14.28548 6.25854 214.82788 
15.80655 12.17926 212.99866 
6.62510 18.40108 217.18408 
0.59439 26.02628 209.68604 
3.89416 31.32031 205.84351 
5.63273 37.99875 207.18018 
5.56479 38.87862 207.60522 
4.65722 38.91410 210.63098 
17.90154 23.84412 205.87878 
10.28914 25.72051 212.54810 
10.18816 32.12444 206.84973 
16.37872 31.05639 207.68787 
10.65007 38.72876 202.93665 
9.08952 33.96577 207.37671 
14.99131 39.49712 210.97412 
1.44406 30.29752 215.19788 
3.44913 32.05997 214.12878 
3.62142 32.39576 214.92188 
2.33128 31.05284 217.83521 
11.86847 23.76835 215.66101 
14.87260 23.88225 216.31787 
16.17787 24.06960 215.76025 
7.13835 34.52934 213.68433 
6.30920 36.68991 216.05713 
8.59291 39.07902 216.67993 
12.74142 39.58044 217.45203 
14.08642 38.25166 217.81812 
3.31386 44.94530 208.57825 
19.46659 44.54281 200.01855 
12.89588 43.44328 205.69470 
6.03082 41.60873 212.72961 
7.16769 40.65411 218.03235 
16.20969 45.04012 213.46912 
20.51565 3.35061 207.45166 
36.19307 1.78704 202.75073 
37.30046 7.38016 203.05408 
24.17056 7.15752 213.80676 
25.82690 7.85095 213.53149 
34.11164 3.41765 212.06909 
33.98289 6.65754 215.22681 
22.18401 14.93412 201.05676 
26.04233 13.44589 202.05005 
26.62313 22.38910 200.00269 
27.27008 23.00539 200.94861 
24.73195 13.17288 205.86841 
22.67778 23.84089 211.60010 
26.97515 17.97065 204.76990 
32.07482 17.04072 200.10657 
36.64031 14.32812 200.01453 
36.94530 16.80938 200.84619 
32.56975 22.37825 203.67505 
29.32169 13.36360 216.71033 
31.97113 15.66991 215.96021 
34.31436 20.25702 212.25391 
