0.02466 546.24579 205.06717 
105.96880 766.47021 0.01660 
94.01641 802.97327 4.22138 
104.45876 797.46466 5.77955 
100.11879 798.93164 0.90479 
111.42274 803.75928 4.76107 
96.95378 798.21301 20.13099 
95.59552 803.82739 19.12774 
98.79216 800.06195 13.72289 
97.07392 798.35419 18.77158 
97.28894 818.05896 11.58139 
97.18555 810.00891 14.94250 
95.13618 807.46082 18.38595 
95.02490 809.49200 19.28163 
98.81612 811.52167 13.81884 
100.42952 818.12891 15.59873 
106.67810 813.13776 15.08155 
114.09681 799.53589 1.25310 
116.66219 799.34698 1.27232 
125.46448 797.79071 1.06582 
124.84743 798.68866 1.61553 
112.90345 803.29584 6.29636 
118.64467 814.36005 1.41900 
116.23546 804.89734 10.27064 
117.25023 810.65186 12.78143 
120.83669 809.10504 18.12052 
119.93734 814.00201 9.46619 
124.16022 813.41840 13.82923 
122.00250 815.07672 14.17475 
125.85297 816.23779 9.37064 
121.67581 811.87158 15.59037 
120.87730 811.45441 18.94760 
130.97897 798.62183 12.62743 
131.28879 797.69806 11.40547 
131.43123 812.87994 1.64835 
127.70549 812.34998 3.91426 
133.37502 816.56543 11.82952 
94.57674 799.27600 21.64772 
102.14056 811.57593 35.01789 
105.28455 812.19214 23.86308 
112.94846 808.01190 25.39919 
110.98830 811.32422 26.49728 
105.79199 804.19019 30.06630 
105.66944 812.10309 27.80936 
102.30043 816.74536 26.56178 
108.78125 815.36975 26.94470 
112.47398 814.98090 27.33905 
96.61405 803.94495 35.74503 
105.88963 803.13763 36.92987 
102.61273 815.74438 38.96378 
107.94833 816.32806 37.52143 
114.94497 805.91656 22.43488 
130.64299 806.03467 23.43221 
115.74334 807.87836 24.46138 
114.44164 808.30945 25.88948 
115.94706 809.87079 26.36382 
119.18313 812.01019 22.88263 
