5.84082 940.59717 700.77417 
5.95682 944.27917 700.08374 
12.41537 939.70258 701.84619 
11.68294 939.84473 701.86938 
12.25882 943.39508 705.37939 
1.75981 948.12994 704.56104 
0.97612 963.92645 702.37915 
8.00216 959.81604 706.43994 
16.48151 952.65216 702.00977 
20.35561 957.42065 704.22437 
1.46074 944.84155 708.58911 
5.26606 956.69574 711.59204 
5.06007 962.11755 712.15649 
6.44300 962.46869 715.10327 
17.78453 944.89789 709.90015 
21.50204 949.47589 714.93335 
21.80806 950.65717 714.93555 
13.77598 961.27527 716.68140 
21.51580 962.27289 717.71021 
35.63881 943.13831 703.05225 
35.19719 943.27606 703.11182 
35.78000 942.75055 702.82812 
44.20266 941.06769 703.37256 
31.77513 945.46588 706.65942 
31.84582 952.20306 705.05469 
27.57228 961.47754 702.09766 
35.18544 962.43848 700.80103 
23.91851 962.25342 706.87744 
25.23332 963.00244 708.45435 
24.38993 962.50171 709.50952 
24.41397 962.80914 709.81860 
28.34188 957.78424 704.40112 
26.99620 960.99274 709.26611 
33.51652 945.41296 718.58960 
22.24089 960.65472 712.74658 
45.97409 961.60822 705.15039 
9.26019 964.37927 701.91333 
9.85539 968.02667 703.19702 
12.76085 979.82465 701.18457 
14.94335 978.32385 702.91650 
21.75114 972.19165 700.19263 
18.02091 966.04852 706.86230 
19.10555 966.68481 706.52881 
2.78272 972.90216 717.67188 
1.82514 976.18042 718.06274 
2.53472 973.89642 718.33618 
16.69805 967.65448 707.59473 
9.87332 965.60046 713.87012 
30.64384 970.43518 701.23975 
32.58358 964.21448 700.09448 
28.51985 979.09589 705.54932 
31.15400 980.72540 703.52686 
31.22958 983.90747 700.37671 
34.54926 982.65234 701.89087 
40.59507 975.33655 705.15942 
45.86956 979.31500 703.05933 
29.26529 968.98370 708.32886 
24.41139 964.44531 713.76147 
24.10554 975.46576 714.05371 
32.76030 970.71014 713.62598 
31.66052 975.30908 707.65405 
37.53432 974.69220 708.08691 
24.34337 979.53363 707.56934 
27.93802 979.74164 715.67090 
37.20499 983.15234 712.61133 
36.90580 984.08264 710.65918 
27.25682 980.66144 716.96655 
39.59329 967.89923 709.95801 
39.29282 974.17908 709.95044 
44.13045 972.44397 707.18188 
40.02914 972.41821 717.60474 
42.12378 982.66876 718.38989 
0.53037 938.50153 700.76855 
0.50361 945.41681 704.67700 
3.93127 939.51984 700.45679 
0.90006 945.37842 705.39380 
8.63090 943.28436 700.35181 
10.53362 939.44171 706.73364 
13.94670 941.79053 704.63135 
10.75600 947.56781 702.07495 
19.11780 946.62860 702.17212 
0.25069 962.63434 701.62207 
10.72659 949.77386 700.81396 
9.63031 952.03094 702.26001 
17.43551 952.86230 703.04736 
12.09746 958.73883 703.84009 
14.58482 956.81219 704.02686 
13.55084 961.69293 705.42700 
18.83552 956.67017 702.54248 
21.51291 958.13354 705.60767 
7.41087 962.19556 710.20337 
8.13932 962.00092 710.04419 
4.88313 956.60956 711.93774 
17.11523 947.72729 715.73535 
13.02724 953.09418 708.46948 
20.58895 945.46564 714.43164 
21.15107 947.74976 714.18799 
19.16857 951.97961 713.63696 
9.15935 961.89825 711.65869 
