0.04272 549.47638 209.15250 
0.03101 552.80237 235.77069 
97.22769 798.45831 1.28854 
93.85513 797.08398 7.21214 
99.59684 798.63989 1.42937 
109.52123 798.37787 5.78514 
107.91545 800.31592 7.30623 
111.66847 800.12317 7.31351 
95.90302 798.04779 14.96179 
95.54270 800.50122 15.99369 
96.12194 798.85461 19.54584 
96.09063 802.21661 18.64177 
96.06534 802.90863 18.51342 
100.82130 799.59161 8.49773 
101.98552 798.42450 9.87238 
100.41460 799.19086 11.35515 
97.87319 798.02838 16.83649 
108.76053 797.31335 18.63698 
93.90719 814.84613 2.10338 
97.01353 807.02399 1.85200 
102.60873 806.10132 1.21903 
99.60376 809.43500 3.74195 
109.93574 809.00311 2.77612 
106.92333 813.30029 0.16194 
106.15786 811.61444 3.07838 
95.00303 815.07538 12.78042 
97.16547 807.97040 16.09897 
95.39489 805.63708 18.91691 
96.16434 807.64722 17.11341 
97.04971 810.81226 14.59075 
97.51904 810.36963 8.08708 
100.45621 817.03784 7.89367 
103.11466 806.28088 15.44655 
101.25521 811.47961 15.00411 
100.49016 816.43640 15.85936 
100.67361 812.63104 18.26601 
97.89118 817.75854 13.30541 
122.53896 802.26587 4.28611 
126.01916 801.61188 2.81769 
113.02998 799.09454 7.56788 
113.55047 800.07013 7.09445 
117.69559 799.54767 6.76105 
127.19151 799.10437 8.37060 
126.58305 803.69464 5.47371 
125.15633 802.30792 7.61561 
125.27052 803.10590 7.78205 
112.40112 806.77930 2.65828 
116.27975 803.97308 7.08367 
123.95532 804.42542 7.93654 
124.21525 805.48810 9.23989 
116.01152 813.87695 7.74769 
121.75120 810.87939 4.53430 
125.43775 815.21442 7.14095 
118.78337 805.35742 10.04585 
117.48078 809.31110 12.77109 
119.95774 808.63141 12.72812 
122.67705 808.20081 12.91320 
123.17638 808.71783 10.19734 
121.96600 806.88635 18.42022 
124.25032 804.90796 16.26142 
124.28377 805.11658 16.77362 
124.53352 807.79230 17.17032 
124.98293 807.74390 17.31289 
114.33030 811.49982 12.66544 
118.74574 817.18878 13.03701 
121.54360 811.83789 16.74651 
126.04916 813.44995 19.31070 
128.64923 797.58679 3.54116 
129.49725 802.64429 4.13596 
130.92769 803.24823 12.32145 
131.51759 813.12799 3.49158 
128.15697 816.02734 8.58703 
127.45595 817.85852 8.82960 
130.18800 815.95538 17.68920 
129.36452 817.61652 16.79806 
137.38091 808.62439 10.77700 
110.29694 800.82684 28.48487 
110.46224 801.46185 28.61492 
110.03339 797.02783 33.66797 
94.63995 813.56659 26.82315 
97.56237 811.63605 34.76031 
100.13612 807.58167 29.59037 
103.39716 810.98407 30.15177 
110.77482 809.43005 26.18829 
105.59915 805.94312 29.15218 
98.65453 814.34424 21.23576 
103.73112 813.26019 28.68121 
103.15282 815.64655 30.34937 
103.18423 815.48004 30.29444 
102.86712 813.41602 33.17417 
102.93300 814.39435 33.52412 
104.98003 814.42645 21.79831 
106.54839 817.49402 27.84138 
109.68539 815.62286 27.48236 
110.08836 818.01898 27.45438 
99.14078 797.22302 35.91783 
103.35715 797.23376 40.05203 
97.30285 800.96381 41.00562 
102.30592 805.95306 39.25974 
105.09046 811.31519 40.00418 
106.95102 818.10034 40.64303 
108.05697 817.73889 39.24348 
109.51311 816.35657 42.45590 
104.12661 816.20361 43.70824 
107.26277 816.23193 46.65419 
109.57030 814.70959 44.17392 
119.21374 797.15851 26.96670 
115.20752 801.46698 26.08653 
115.47360 803.91071 25.08114 
123.55305 799.24548 25.82290 
127.24481 803.51678 24.70396 
118.09817 806.11182 24.81911 
119.95519 808.82837 21.19250 
120.13499 814.04559 21.93083 
