2.51771 3.20616 207.56335 
3.41941 5.79550 209.06580 
5.97508 4.50355 208.51379 
20.17026 3.75031 207.41821 
0.94202 3.14944 215.45947 
2.55709 2.68513 213.81335 
3.52230 2.41954 216.02905 
10.90674 4.28784 213.57581 
2.86732 6.10334 204.21863 
1.50625 12.61551 204.20947 
3.87216 10.45228 205.31360 
0.51705 8.91171 207.10181 
3.27074 7.26830 207.09546 
0.98857 10.55364 207.97571 
2.17725 10.01012 206.92529 
3.81838 14.26708 206.82190 
4.00921 17.27809 208.60681 
6.75936 8.74138 200.57153 
12.91576 11.92178 204.18298 
17.69525 6.16049 210.97876 
15.66063 11.96899 212.15271 
16.86543 14.19420 203.40625 
16.42030 21.69441 204.83179 
16.59522 22.44147 205.96631 
3.18171 8.64623 212.91980 
3.24196 16.25602 213.36951 
9.76974 6.87190 212.87280 
15.12135 10.68054 213.99658 
2.83330 25.66471 211.70093 
0.44657 37.20819 205.75830 
3.98518 36.22500 208.15320 
3.68870 31.32290 213.32666 
5.45652 38.30550 207.19751 
3.91364 38.12473 213.13928 
20.06320 25.93069 205.76794 
10.30586 26.00541 213.41150 
17.00934 23.63315 208.51245 
13.95295 34.97706 200.39697 
11.15169 34.66998 203.06750 
9.49874 37.56437 204.37402 
18.48862 23.38660 214.16394 
12.38851 35.16117 217.99329 
17.10965 36.64399 214.18958 
0.37712 40.76410 204.31165 
1.86032 45.94413 207.37451 
8.25556 42.18700 203.49011 
8.28132 43.63732 203.79541 
8.49671 40.14170 205.12939 
5.28025 40.04773 210.13086 
7.68933 44.98162 205.71777 
9.42217 46.31981 210.17749 
14.67672 44.13567 210.07605 
3.80089 44.12317 213.82874 
2.51131 46.56121 212.94739 
3.56374 41.51313 215.51746 
4.78691 44.64990 213.59973 
6.19157 43.48169 213.98279 
11.45039 40.99331 217.00439 
29.24285 6.41629 209.65247 
37.03983 3.31279 201.72266 
35.90684 0.14444 207.96545 
34.61588 5.14158 209.65759 
20.96301 5.61484 213.88342 
24.29236 11.23409 202.66492 
27.04248 15.25735 202.43420 
21.48966 9.63405 204.41992 
29.69324 11.50425 200.22510 
29.93308 22.44601 200.93884 
32.89088 22.68272 202.72791 
34.54221 20.96859 202.34436 
35.48001 12.20395 205.83386 
35.88467 11.09400 206.20032 
33.32316 19.99795 204.97900 
32.80241 20.65895 203.53784 
21.61111 15.62369 217.09302 
26.26979 9.36613 214.45386 
25.17409 10.55718 216.37561 
21.56686 23.44643 213.08594 
