14.51653 956.10461 700.99658 
20.63131 957.40491 704.28711 
5.19074 962.89417 710.84766 
10.85846 963.57111 709.29077 
21.98311 951.91022 716.25220 
19.86631 962.38049 716.29590 
24.20508 960.33807 702.91821 
22.36835 958.31573 704.18872 
15.38249 967.08752 706.62671 
19.62814 964.34039 708.54590 
31.65229 978.23486 705.00146 
38.02454 980.87823 702.50073 
37.96280 981.45459 700.30200 
38.13544 980.98212 703.10864 
35.91764 974.27350 716.85474 
45.84665 971.63159 709.04932 
45.29407 966.14282 718.32642 
