3.37209 4.57716 201.68054 
4.28335 2.84577 209.92444 
6.87470 5.03472 208.24219 
13.23525 5.42419 208.12354 
15.68143 4.75875 208.20032 
5.98321 5.64568 214.05090 
12.64205 1.78234 217.61121 
14.72596 0.62948 218.11230 
17.34745 1.78196 212.72144 
14.89253 2.42373 216.89111 
0.14587 12.44320 208.60144 
3.06972 7.32826 207.12830 
3.56517 6.60644 207.28430 
1.54133 9.09155 208.44250 
5.31610 7.45400 201.32544 
7.53447 6.89658 209.17432 
20.01825 8.71283 209.89697 
10.05391 16.65873 205.21887 
2.14475 9.61505 215.45459 
3.30208 16.65007 213.45764 
2.15993 18.71455 216.85596 
4.54050 18.16801 216.87268 
9.77527 10.18482 216.46106 
14.32885 6.84172 212.92554 
15.66266 7.93660 214.20093 
15.53157 9.07825 217.04980 
16.10576 10.46882 216.59937 
6.92079 17.15036 217.34375 
4.47638 29.71951 212.28918 
0.73388 36.02637 204.84534 
3.98937 34.96366 213.17346 
4.02049 36.60074 208.28589 
14.39317 25.26399 204.98474 
10.46800 31.49413 204.58362 
15.36729 25.21797 206.45251 
14.12138 27.67179 212.82593 
19.56664 37.19455 204.16406 
15.25690 39.32681 211.28040 
0.81057 29.04721 216.74536 
4.53361 30.12707 217.64160 
2.60893 33.47226 214.35181 
4.55469 32.46778 214.89673 
5.53116 32.83036 215.57898 
5.54149 32.64584 216.18799 
7.59275 26.14266 218.06287 
13.05032 24.27017 216.26343 
18.29687 23.15908 214.52100 
18.38223 26.45395 215.53406 
6.90765 33.42224 216.77759 
6.04445 35.91457 215.96301 
3.29286 42.41871 203.20105 
0.33125 45.20674 207.97742 
2.92410 44.06204 205.73364 
3.32955 44.52574 205.22681 
4.23033 44.01959 210.49255 
9.50300 45.34791 204.47668 
8.55698 40.87824 205.07202 
19.51239 43.25873 204.74512 
3.90606 43.63561 214.57019 
3.38468 46.24541 214.98206 
5.30641 43.74252 218.46521 
11.64031 40.37865 216.54297 
23.12149 4.27390 207.19116 
33.95866 0.33263 204.22009 
29.09606 0.54468 216.44861 
26.46364 5.15802 213.09717 
24.60242 0.15855 218.13354 
34.61920 2.58582 212.80115 
20.76001 13.14123 201.95508 
26.02259 17.49460 200.99426 
26.38831 23.30679 201.32031 
26.75070 15.94593 204.27832 
27.57321 23.44533 207.93481 
30.51353 16.74276 200.25476 
32.95666 22.14289 203.19824 
30.94015 12.30349 204.79346 
34.65932 8.60554 209.67542 
32.84126 17.42637 207.74988 
24.41724 16.45264 218.45996 
27.14972 9.44203 217.55481 
27.71840 10.95683 216.71497 
27.07166 13.82271 217.22729 
37.34824 11.22265 211.92993 
