1.42782 3.79807 205.65686 
4.13113 3.47347 208.71277 
3.52225 5.46598 208.98425 
5.51671 4.48812 205.07617 
4.33904 4.93331 205.99683 
8.29901 4.64055 205.35974 
4.40205 2.91705 209.67529 
7.64262 5.57103 209.57605 
0.48122 1.46812 217.90051 
4.45188 3.83202 211.53430 
5.71927 5.66698 215.62964 
8.96145 2.90189 212.67908 
14.17176 4.91850 215.09656 
0.08393 11.51909 208.71790 
0.21859 13.90179 211.15796 
2.32486 9.41063 210.87378 
2.32066 9.17788 211.44031 
4.40535 7.18330 209.42322 
1.64579 15.12990 206.18347 
0.36691 14.34732 210.91370 
7.27988 8.89908 200.64661 
6.35668 10.11453 204.19080 
10.88114 7.12627 204.32703 
13.23709 6.73467 202.82532 
12.83822 10.92100 204.45166 
16.81178 10.52434 203.42493 
5.95090 11.41530 205.42505 
5.25523 6.77410 212.65308 
10.01545 6.58779 208.25305 
13.29598 8.63087 207.24170 
12.62044 6.35594 208.57446 
5.81242 14.18353 205.19592 
5.91346 15.92541 207.01062 
7.65028 18.42813 209.92957 
17.51958 22.86446 212.13928 
0.54825 10.16722 217.82092 
1.61840 16.78895 216.60120 
20.16890 9.74504 215.43958 
18.31511 14.21821 216.45056 
19.65769 16.97395 216.65051 
3.86581 23.24444 209.26465 
3.55969 23.06893 209.64417 
2.21230 31.23077 211.79773 
6.37019 37.93471 208.37317 
19.42546 25.57384 205.48132 
0.21516 27.80283 216.65894 
2.82819 25.79789 213.75879 
4.66646 24.89825 215.53625 
0.11563 28.50936 216.27856 
1.34797 30.33949 215.01233 
2.48222 31.10721 214.17908 
3.73980 33.74965 213.59460 
2.39128 31.25222 218.57385 
5.08995 34.63109 215.99695 
5.76815 34.85201 215.82776 
11.56190 29.08943 214.82935 
7.32554 28.78565 217.31433 
11.56328 39.57336 217.63684 
13.76545 38.48211 217.83020 
19.39500 37.33744 216.35144 
3.04746 43.70050 205.66504 
3.65567 45.59057 206.44104 
3.28506 45.73112 207.74890 
9.22774 41.62261 202.72961 
8.43080 44.52384 200.60632 
5.68451 42.95866 210.15662 
7.10539 45.33925 205.95398 
13.65847 41.18425 207.26404 
4.28254 45.49337 211.56873 
3.93564 43.29525 215.93469 
2.02836 45.44170 217.84070 
6.10134 44.06675 212.57764 
12.57790 43.12397 212.74963 
20.49696 1.52233 203.46057 
28.50447 6.21081 208.98547 
33.80500 3.50198 208.41199 
31.72384 6.13889 210.08105 
24.80490 2.51392 217.29431 
28.43376 2.65115 214.91760 
27.71803 5.45142 216.19006 
31.64457 0.59494 212.61658 
27.06042 11.78143 201.75818 
24.11951 22.16690 200.40930 
22.88232 23.95760 208.20142 
26.94065 18.66746 205.85022 
31.26381 22.02638 201.48889 
37.43351 11.41368 204.68713 
35.62514 11.60601 210.43591 
22.17821 23.95561 213.21326 
