0.03662 548.98602 9.95463 
104.43349 792.41595 0.05713 
101.60678 797.08527 5.01214 
108.46136 797.81360 5.88637 
103.02396 798.01355 2.66237 
110.46411 800.12665 3.77379 
95.43970 797.05249 15.04084 
101.99462 798.90570 9.12815 
95.98868 812.68573 14.43037 
95.66584 811.74847 14.80513 
99.19854 812.70886 6.68837 
103.85918 811.34216 9.28142 
98.79530 809.77411 17.00948 
98.89298 813.21082 17.42533 
100.47851 813.23224 17.96452 
114.24213 799.51196 1.48712 
113.37352 799.33960 6.02627 
116.72401 806.92407 0.79221 
112.77157 805.64429 2.45898 
126.37106 806.54987 5.97849 
117.53823 812.22455 8.53383 
122.22016 810.80414 4.81146 
124.45235 806.48846 9.80347 
121.37059 810.34747 16.58410 
119.25568 813.89264 10.38657 
119.70861 814.46674 9.82851 
124.90343 816.12268 9.90300 
126.82236 812.66589 15.15021 
127.52975 801.37897 4.15983 
131.33264 804.53308 4.74331 
131.71924 813.22382 1.19198 
139.60548 810.72784 1.25255 
136.91957 805.50861 7.13218 
129.17082 814.85254 5.48257 
135.48830 813.91144 8.11654 
135.42944 808.83679 18.51413 
138.00403 810.33362 5.87663 
95.21889 799.60248 20.65016 
111.53159 800.72107 25.07660 
107.90829 802.74878 31.26233 
109.34757 798.61340 31.97571 
110.50033 799.93683 29.84191 
98.30215 803.94379 23.65106 
96.27364 811.12531 32.95368 
99.02288 805.10571 25.46362 
104.47755 810.40442 27.72329 
111.18510 803.49622 25.35123 
105.70295 805.68146 29.06828 
98.63109 814.15027 21.08703 
103.13779 813.06500 27.22112 
99.63076 817.48621 26.17718 
100.35664 816.32794 30.60836 
103.27446 814.38605 33.38282 
104.34717 802.67078 38.55438 
99.81847 803.58527 46.27004 
103.46374 806.10248 35.42459 
105.26620 814.32550 36.56055 
107.02856 817.90662 40.20076 
108.08026 817.97009 39.50377 
118.70325 798.04144 27.11308 
116.18650 800.69440 24.87672 
117.08087 805.63977 24.52757 
120.67210 799.78156 26.59362 
117.20160 803.34814 23.34892 
124.17897 805.96906 22.40171 
121.94714 805.98456 32.48800 
116.98895 807.78082 23.62001 
113.99261 812.60419 27.44987 
