0.04785 548.17334 82.76606 
0.09106 552.91943 285.20364 
101.66561 768.36011 0.10547 
98.14544 788.35284 0.04956 
98.30282 797.67468 1.68151 
94.24743 800.75879 3.77867 
111.06274 798.78827 6.18074 
111.86359 804.42963 3.98634 
95.67434 797.02094 15.73952 
96.87654 797.26862 19.18617 
94.62380 803.17059 14.46555 
94.21412 802.66168 20.14840 
96.33675 800.35449 18.33213 
96.84143 798.71423 19.21030 
96.42634 802.31244 17.26905 
96.55139 802.29211 18.49295 
95.68860 803.52972 18.77142 
100.77097 797.45197 9.65184 
99.31908 799.36786 12.91245 
98.41540 798.54718 16.02380 
98.55367 800.61743 15.20942 
109.54652 805.15460 12.78555 
107.84502 799.09277 14.20433 
100.71829 815.55096 2.89329 
107.30389 811.19281 3.57915 
111.53117 806.76270 3.17132 
111.75395 813.62543 3.72009 
94.89964 814.63629 12.75948 
95.54351 810.77881 15.40888 
95.62061 811.42969 14.99719 
100.73613 811.55023 9.63947 
104.37402 811.20142 6.63846 
105.60052 811.74060 6.36234 
98.43549 810.62714 14.32770 
98.67418 811.89624 18.84448 
111.10522 807.95245 14.43889 
98.48082 814.48486 15.81818 
99.99749 816.90295 15.50115 
116.04134 798.36981 4.14207 
127.14841 799.34564 4.65321 
113.75732 800.96552 8.06740 
122.87656 801.80414 16.36078 
124.87862 797.81030 16.00546 
120.96824 804.19574 0.19420 
123.81841 809.63770 4.85219 
115.98320 811.36951 6.48070 
119.92317 808.86554 12.49872 
112.31023 806.54364 15.23371 
118.31699 809.49365 17.56253 
121.61781 807.49176 18.15251 
126.77866 806.01776 20.05189 
120.85675 811.72430 9.64187 
132.73727 802.18695 18.91545 
130.29449 816.05682 5.38620 
137.37212 805.34601 7.17292 
137.60294 811.83960 8.20022 
96.43284 797.68433 22.90070 
97.46835 800.50958 23.85426 
106.89414 800.90753 33.71552 
97.91772 804.12415 22.48625 
96.06971 813.40564 22.84264 
98.95255 805.35156 25.80921 
99.69617 811.83453 29.32722 
111.58390 803.67786 25.01071 
107.30713 808.60773 25.69014 
102.95747 816.61084 29.72698 
108.65674 816.25079 27.39352 
97.21910 805.35620 35.10118 
106.01194 805.30859 35.27164 
108.26301 802.77454 42.85220 
101.87668 807.96790 36.16959 
103.00803 807.89838 37.67931 
102.97646 807.38190 41.33247 
100.84381 814.91956 38.24498 
105.16113 816.33777 37.47729 
106.81930 817.41730 39.45295 
107.13583 816.34332 45.82964 
110.33538 817.50946 43.54951 
114.68132 797.49438 26.20851 
116.20516 798.84052 25.79990 
113.36018 798.59467 29.67119 
115.00793 806.99969 23.83767 
116.34369 808.83527 27.26643 
116.80132 809.20911 28.09499 
117.79752 808.84131 28.72507 
116.29316 809.61688 25.87030 
